-19	3	0	-464	-193	-487	15	100879478	100887194
-19	3	0	-463	-196	-484	15	100887213	100895819
-18	2	2	-463	-196	-484	15	100895830	100901469
-15	0	1	-463	-198	-480	15	100901476	100907320
-15	0	1	-463	-198	-480	15	100907328	100913801
-19	0	5	-462	-199	-477	15	100913812	100919855
-17	3	0	-461	-199	-476	15	100919862	100926670
-17	3	0	-460	-196	-476	15	100926677	100934720
-19	0	4	-460	-196	-476	15	100934727	100943014
-20	4	1	-458	-192	-476	14	100943021	100948653
-20	4	1	-457	-188	-477	14	100948660	100954505
-18	2	-2	-457	-188	-477	14	100954512	100960157
-18	2	-2	-456	-183	-479	14	100960164	100965998
-21	7	-2	-456	-183	-479	14	100966006	100973466
-23	4	2	-454	-178	-481	14	100973481	100980442
-20	5	0	-454	-174	-482	14	100980449	100987168
-20	5	0	-454	-171	-482	14	100987175	100995622
-17	2	5	-454	-171	-482	14	100995629	101002102
-21	4	4	-456	-170	-483	14	101002117	101008639
-21	4	4	-458	-168	-487	15	101008647	101016347
-26	6	5	-460	-168	-493	15	101016355	101024401
-31	8	2	-460	-168	-493	15	101024409	101032061
-24	6	2	-458	-167	-500	15	101032068	101038573
-24	6	2	-454	-167	-508	15	101038580	101046472
-23	9	4	-454	-167	-508	15	101046479	101052110
-20	7	0	-446	-167	-517	15	101052117	101057942
-20	7	0	-437	-167	-527	15	101057950	101063755
-18	4	5	-437	-167	-527	15	101063762	101069403
-18	4	5	-425	-166	-536	15	101069411	101077067
-17	10	-1	-415	-166	-546	15	101077086	101085159
-21	10	0	-415	-166	-546	15	101085170	101093380
-22	14	-3	-405	-163	-556	15	101093387	101099106
-22	14	-3	-394	-161	-564	15	101099117	101104972
-22	14	-5	-394	-161	-564	15	101104979	101110626
-22	14	-5	-382	-157	-570	15	101110634	101116392
-21	10	0	-382	-157	-570	15	101116399	101122936
-19	8	-1	-369	-154	-574	15	101122943	101129334
-19	10	-1	-357	-151	-577	15	101129341	101136759
-19	10	-1	-344	-148	-579	14	101136767	101144869
-20	13	0	-344	-148	-579	14	101144876	101150523
-20	13	0	-332	-145	-579	14	101150531	101156593
-16	8	3	-332	-145	-579	14	101156609	101162277
-17	4	5	-320	-143	-580	14	101162284	101168121
-17	4	5	-310	-141	-580	14	101168129	101174944
-18	4	0	-310	-141	-580	14	101174959	101183055
-16	1	2	-300	-139	-581	14	101183066	101189480
-21	6	2	-290	-137	-582	13	101189487	101197076
-21	6	2	-290	-137	-582	13	101197087	101202733
-18	10	3	-280	-134	-584	13	101202740	101208660
-18	10	3	-269	-131	-586	13	101208667	101214342
-21	15	-2	-269	-131	-586	13	101214349	101219982
-21	15	-2	-259	-127	-587	13	101219989	101226433
-20	16	-3	-249	-124	-587	13	101226440	101234507
-13	24	-3	-249	-124	-587	13	101234514	101241864
-10	18	0	-242	-122	-583	13	101241872	101248348
-10	18	0	-242	-122	-583	13	101248355	101254185
-15	11	1	-239	-122	-579	12	101254192	101259881
-15	11	1	-239	-120	-575	12	101259888	101265743
-18	10	-1	-239	-120	-575	12	101265750	101271386
-15	5	6	-239	-121	-568	12	101271393	101278305
-15	5	6	-240	-123	-561	12	101278321	101286399
-13	3	4	-244	-125	-555	12	101286406	101294620
-15	7	2	-244	-125	-555	12	101294627	101300327
-15	7	2	-249	-127	-551	12	101300339	101306150
-19	9	-3	-249	-127	-551	12	101306158	101311805
-17	8	0	-255	-128	-546	12	101311812	101317616
-17	8	0	-255	-128	-546	12	101317624	101324048
-17	8	2	-260	-129	-540	11	101324055	101330907
-19	5	7	-265	-129	-535	11	101330914	101337762
-19	5	7	-271	-128	-533	11	101337770	101346146
-19	11	2	-271	-128	-533	11	101346154	101351784
-19	8	1	-277	-126	-532	11	101351791	101357681
-19	8	1	-277	-126	-532	11	101357689	101363622
-21	5	5	-283	-125	-533	12	101363630	101369261
-21	5	5	-287	-124	-533	12	101369268	101375690
-21	7	0	-291	-124	-533	12	101375698	101384368
-18	4	1	-291	-124	-533	12	101384387	101391668
-20	2	3	-295	-125	-535	12	101391675	101398440
-20	2	3	-295	-125	-535	12	101398451	101404101
-17	2	3	-300	-126	-536	12	101404108	101409754
-17	2	3	-305	-128	-539	12	101409761	101415644
-18	0	2	-305	-128	-539	12	101415651	101421282
-21	3	-2	-310	-131	-541	12	101421290	101427829
-21	3	-2	-316	-135	-543	13	101427836	101435975
-20	2	0	-316	-135	-543	13	101435982	101444187
-21	8	-5	-320	-138	-545	13	101444194	101449825
-21	8	-5	-322	-141	-545	13	101449832	101455721
-19	4	-1	-322	-141	-545	13	101455728	101461370
-19	4	-1	-322	-144	-544	13	101461377	101467037
-15	2	-1	-322	-144	-544	13	101467044	101473588
-14	0	-1	-321	-147	-542	13	101473595	101480367
-18	-12	4	-321	-151	-537	13	101480390	101487637
-18	-12	4	-319	-158	-531	12	101487644	101496244
-33	58	-100	-319	-158	-531	12	101496251	101501951
-52	-56	46	-304	-162	-515	12	101501962	101507696
-52	-56	46	-304	-162	-515	12	101507704	101513358
8	-1	16	-287	-159	-493	11	101513365	101519136
8	-1	16	-271	-158	-485	10	101519143	101526517
15	14	5	-267	-155	-482	10	101526525	101535076
-20	-15	12	-267	-155	-482	10	101535084	101543387
-24	10	-6	-275	-152	-481	10	101543394	101549488
-24	10	-6	-290	-151	-484	10	101549495	101555336
-20	21	-15	-290	-151	-484	10	101555343	101560988
-20	21	-15	-302	-146	-485	11	101560995	101566812
-17	10	-10	-302	-146	-485	11	101566820	101573192
-17	3	0	-307	-142	-479	10	101573199	101579061
-17	3	0	-308	-136	-467	10	101579068	101587355
-20	-4	2	-310	-133	-453	10	101587370	101595617
-15	-5	5	-310	-133	-453	10	101595624	101601313
-15	-5	5	-315	-132	-437	9	101601324	101607159
-30	14	2	-315	-132	-437	9	101607166	101612819
-15	4	2	-326	-133	-422	9	101612827	101618713
-15	4	2	-339	-135	-407	9	101618720	101625157
-4	2	5	-339	-135	-407	9	101625164	101632533
-4	-13	21	-353	-138	-393	9	101632540	101638816
-4	-13	21	-369	-141	-381	9	101638823	101646990
-37	4	0	-369	-141	-381	9	101646998	101652632
-19	0	-2	-387	-145	-372	9	101652639	101658345
-19	0	-2	-387	-145	-372	9	101658352	101664165
-13	-7	1	-407	-149	-369	10	101664172	101669809
-13	-7	1	-426	-151	-369	10	101669816	101675951
-28	-3	-12	-426	-151	-369	10	101675959	101683995
-19	-8	0	-442	-152	-367	11	101684002	101691272
-24	0	-2	-453	-153	-360	11	101691288	101698245
-24	0	-2	-453	-153	-360	11	101698253	101704145
-21	0	3	-461	-153	-350	11	101704156	101709907
-21	0	3	-467	-154	-340	11	101709918	101715612
-12	-3	6	-467	-154	-340	11	101715619	101721251
-12	-3	6	-473	-156	-330	11	101721258	101727663
-15	-8	8	-480	-159	-321	11	101727670	101735788
-19	-6	8	-480	-159	-321	11	101735795	101743430
-21	-9	7	-485	-160	-315	11	101743437	101749494
-21	-9	7	-490	-160	-313	11	101749502	101755322
-22	-10	6	-490	-160	-313	11	101755329	101760974
-22	-10	6	-495	-161	-311	11	101760981	101766760
-21	-7	2	-495	-161	-311	11	101766767	101772399
-21	-7	0	-498	-161	-310	11	101772406	101779201
-21	-7	0	-501	-162	-310	11	101779208	101787783
-21	-1	0	-504	-163	-310	11	101787806	101796274
-16	0	2	-504	-163	-310	11	101796282	101801981
-16	0	2	-506	-164	-311	12	101801993	101807642
-16	3	4	-506	-164	-311	12	101807649	101813338
-18	0	1	-509	-166	-312	12	101813345	101819186
-18	0	1	-509	-166	-310	12	101819193	101826274
-21	-2	1	-509	-166	-310	12	101826282	101834711
-19	-3	3	-508	-165	-309	12	101834719	101841861
-22	0	2	-507	-164	-308	12	101841869	101848896
-22	0	2	-507	-164	-308	12	101848903	101854947
-21	-1	0	-505	-163	-308	12	101854954	101862393
-17	0	0	-505	-162	-308	11	101862400	101868895
-17	0	0	-503	-161	-307	11	101868902	101877016
-18	1	0	-502	-162	-305	11	101877023	101885244
-20	1	-1	-502	-162	-305	11	101885252	101893052
-17	0	-1	-500	-162	-303	11	101893067	101899559
-17	0	-1	-500	-162	-303	11	101899566	101905490
-20	-4	0	-499	-163	-300	11	101905501	101911195
-20	-4	0	-498	-164	-296	11	101911203	101917029
-19	-4	-1	-498	-164	-296	11	101917036	101923678
-15	-6	-2	-499	-166	-292	11	101923686	101929841
-15	-6	-2	-500	-169	-289	11	101929848	101937812
-15	-5	3	-504	-171	-286	11	101937819	101945913
-18	-2	-1	-504	-171	-286	11	101945920	101951553
-18	-2	-1	-507	-174	-282	11	101951560	101957421
-19	-3	4	-507	-174	-282	11	101957429	101963119
-18	-2	4	-509	-176	-280	11	101963127	101968892
-18	-2	4	-509	-176	-280	11	101968899	101975167
-16	-1	2	-511	-178	-278	11	101975174	101982168
-22	0	0	-513	-180	-278	11	101982175	101988959
-22	0	0	-513	-180	-279	11	101988966	101997420
-21	-3	3	-513	-180	-279	11	101997435	102003135
-22	-2	3	-512	-180	-281	11	102003146	102009019
-22	-2	3	-512	-180	-281	11	102009030	102014893
-20	-2	1	-510	-178	-288	11	102014901	102020534
-20	-2	1	-507	-174	-300	12	102020541	102027121
-18	-4	0	-507	-174	-300	12	102027129	102035113
-21	0	2	-502	-170	-313	12	102035120	102041724
-18	-5	8	-495	-166	-327	12	102041731	102048917
-18	-5	8	-495	-166	-327	12	102048924	102054776
-20	-4	6	-487	-163	-342	12	102054783	102060548
-20	-4	6	-478	-160	-358	12	102060555	102066247
-20	-4	5	-478	-160	-358	12	102066255	102071893
-20	-4	5	-465	-156	-375	12	102071900	102077922
-23	0	2	-446	-149	-395	12	102077929	102086074
-22	-5	3	-446	-149	-395	12	102086081	102093434
-20	-39	3	-422	-140	-417	11	102093442	102100051
-20	-39	3	-394	-129	-439	11	102100066	102106031
-30	-19	-6	-394	-129	-439	11	102106042	102111738
-30	-19	-6	-362	-123	-450	11	102111745	102117620
-24	-22	0	-362	-123	-450	11	102117627	102123373
-24	-25	5	-329	-119	-456	10	102123381	102130650
-24	-25	5	-298	-117	-464	10	102130657	102138354
-26	-122	10	-275	-114	-469	9	102138361	102147050
-36	-151	6	-275	-114	-469	9	102147057	102152688
-15	-120	6	-260	-111	-470	9	102152695	102158557
-15	-120	6	-260	-111	-470	9	102158564	102164194
7	-84	6	-252	-108	-467	9	102164202	102169937
7	-84	6	-247	-105	-462	9	102169944	102177507
12	-32	3	-242	-102	-458	9	102177514	102186125
7	-64	11	-242	-102	-458	9	102186132	102194683
14	-80	11	-239	-100	-455	8	102194690	102201171
14	-80	11	-241	-98	-455	8	102201187	102207145
6	-102	9	-241	-98	-455	8	102207156	102212935
4	-121	6	-248	-96	-455	8	102212943	102218754
4	-121	6	-258	-94	-453	9	102218761	102226664
2	-96	3	-258	-94	-453	9	102226671	102235303
16	-91	2	-271	-94	-449	9	102235310	102242536
16	-68	12	-287	-93	-446	9	102242543	102249550
16	-68	12	-287	-93	-446	9	102249558	102255433
19	-70	11	-306	-95	-429	9	102255440	102261088
19	-70	11	-327	-95	-430	9	102261095	102266982
16	-16	4	-327	-95	-430	9	102266989	102273527
18	-53	12	-348	-96	-433	10	102273534	102280799
18	-53	12	-370	-96	-438	10	102280807	102288510
2	-66	5	-394	-95	-442	11	102288517	102297317
-3	-116	9	-394	-95	-442	11	102297325	102303448
-6	-118	4	-423	-96	-445	12	102303463	102309272
-6	-118	4	-423	-96	-445	12	102309288	102315166
-1	-92	3	-454	-96	-443	13	102315173	102321207
-1	-92	3	-486	-96	-439	13	102321214	102328685
-18	-47	3	-519	-96	-432	14	102328693	102337287
-5	-27	8	-519	-96	-432	14	102337295	102345880
-9	9	5	-551	-96	-430	15	102345887	102351518
-9	9	5	-582	-97	-432	16	102351525	102357358
-6	4	3	-582	-97	-432	16	102357365	102363109
-28	-34	7	-612	-96	-435	18	102363116	102368931
-28	-34	7	-646	-95	-438	19	102368939	102376624
-28	-61	10	-646	-95	-438	19	102376631	102384942
0	-32	11	-682	-94	-442	20	102384949	102391241
0	-32	11	-718	-91	-443	22	102391248	102398954
-12	-20	4	-718	-91	-443	22	102398961	102405340
-17	-35	6	-754	-86	-440	24	102405355	102411126
-17	-35	6	-792	-83	-436	25	102411137	102416901
-1	-32	3	-792	-83	-436	25	102416909	102422539
-1	-32	3	-833	-81	-432	27	102422547	102428820
0	-34	-3	-878	-80	-430	29	102428827	102437416
5	36	-4	-878	-80	-430	29	102437423	102446156
-6	92	-1	-923	-79	-428	32	102446164	102451795
-6	92	-1	-965	-79	-430	34	102451803	102457642
3	98	-9	-965	-79	-430	34	102457650	102463294
3	98	-9	-1002	-81	-435	37	102463302	102469207
8	112	-1	-1037	-81	-442	39	102469214	102476919
-1	53	-3	-1037	-81	-442	39	102476926	102485491
-2	8	-4	-1071	-81	-447	41	102485498	102492614
9	11	3	-1109	-80	-448	44	102492621	102499783
9	11	3	-1109	-80	-448	44	102499790	102506108
12	43	-4	-1148	-79	-447	47	102506123	102511900
12	43	-4	-1186	-77	-442	49	102511911	102517742
15	60	-5	-1186	-77	-442	49	102517750	102525605
10	72	-12	-1222	-78	-436	52	102525612	102532755
-3	94	-20	-1258	-80	-431	54	102532762	102539758
-3	94	-20	-1291	-84	-427	57	102539766	102548378
1	141	-13	-1291	-84	-427	57	102548385	102554017
-1	130	-16	-1319	-90	-426	59	102554024	102559912
-1	130	-16	-1319	-90	-426	59	102559919	102565794
0	114	-6	-1345	-97	-426	61	102565802	102571432
0	114	-6	-1369	-105	-427	63	102571440	102579104
2	108	-5	-1391	-115	-432	65	102579111	102587695
7	87	-7	-1391	-115	-432	65	102587702	102596483
-7	37	0	-1410	-125	-438	67	102596490	102602123
-7	37	0	-1428	-134	-443	69	102602130	102608478
-11	8	-8	-1428	-134	-443	69	102608501	102614182
-32	7	0	-1447	-140	-442	71	102614189	102620066
-32	7	0	-1468	-144	-437	72	102620074	102628074
-18	25	-2	-1468	-144	-437	72	102628082	102636471
-3	41	0	-1488	-147	-429	74	102636479	102644132
-16	71	0	-1507	-150	-421	76	102644139	102650740
-16	71	0	-1507	-150	-421	76	102650747	102656622
-17	70	-3	-1523	-153	-415	77	102656629	102662270
-17	70	-3	-1538	-157	-412	78	102662277	102668009
-15	50	5	-1538	-157	-412	78	102668016	102675366
-18	30	1	-1554	-162	-411	80	102675373	102682534
-17	32	-10	-1572	-167	-411	82	102682542	102689887
-17	32	-10	-1590	-171	-416	84	102689894	102698053
-17	46	-8	-1590	-171	-416	84	102698061	102703692
-2	41	-7	-1606	-176	-418	85	102703699	102710113
-2	41	-7	-1606	-176	-418	85	102710136	102716055
-7	32	-8	-1618	-182	-417	86	102716062	102721693
-7	32	-8	-1626	-185	-412	87	102721700	102728282
-26	17	-8	-1626	-185	-412	87	102728289	102736100
-18	75	2	-1634	-187	-410	88	102736108	102742703
-18	80	3	-1640	-188	-414	89	102742710	102750069
-18	80	3	-1640	-188	-414	89	102750076	102755941
13	61	5	-1643	-192	-420	89	102755948	102761593
13	61	5	-1648	-197	-419	90	102761600	102767405
-5	45	1	-1648	-197	-419	90	102767413	102773176
-23	29	-4	-1652	-200	-420	90	102773184	102780138
-23	29	-4	-1657	-203	-419	91	102780146	102788626
14	7	-5	-1661	-205	-415	91	102788634	102797456
-21	11	-6	-1661	-205	-415	91	102797463	102803093
-21	11	-6	-1661	-208	-410	91	102803101	102809070
-36	22	0	-1661	-208	-410	91	102809081	102815476
-29	31	-7	-1660	-213	-403	91	102815491	102822432
-29	29	0	-1660	-215	-395	91	102822443	102829734
-29	29	0	-1662	-216	-389	91	102829741	102837995
-19	33	-3	-1662	-216	-389	91	102838003	102846210
-23	59	-4	-1665	-216	-389	91	102846218	102851850
-23	59	-4	-1669	-215	-391	91	102851857	102857668
-20	57	3	-1669	-215	-391	91	102857675	102863306
-20	57	3	-1672	-218	-386	92	102863313	102869132
-6	66	-6	-1672	-218	-386	92	102869139	102876299
-41	45	1	-1675	-219	-381	92	102876307	102883499
1	62	-16	-1678	-220	-376	92	102883506	102890243
1	62	-16	-1680	-221	-375	92	102890250	102898607
4	71	-8	-1680	-221	-375	92	102898622	102904342
-21	77	-12	-1677	-220	-369	92	102904357	102910311
-21	77	-12	-1677	-220	-369	92	102910322	102917174
-10	62	8	-1668	-219	-361	91	102917201	102922961
-10	62	8	-1656	-218	-352	89	102922969	102929518
-39	44	-6	-1645	-223	-333	88	102929525	102937959
-55	42	-5	-1645	-223	-333	88	102937966	102946597
-63	60	-5	-1635	-227	-312	86	102946604	102952235
-63	60	-5	-1627	-231	-290	85	102952242	102958102
-49	42	3	-1627	-231	-290	85	102958110	102963741
-49	42	3	-1619	-236	-273	84	102963748	102969580
-23	40	-1	-1619	-236	-273	84	102969587	102977058
0	44	7	-1612	-240	-259	83	102977065	102984964
-32	29	0	-1606	-243	-254	83	102984971	102992421
-32	29	0	-1601	-244	-251	82	102992429	103000381
-25	10	-2	-1601	-244	-251	82	103000397	103006265
-15	25	6	-1600	-243	-246	82	103006272	103011993
-15	25	6	-1600	-243	-244	82	103012004	103018946
-24	47	-1	-1600	-243	-244	82	103018961	103026580
-1	81	-5	-1599	-243	-251	82	103026592	103034026
-31	59	2	-1593	-245	-248	81	103034037	103041097
-31	59	2	-1582	-245	-246	80	103041104	103049472
-42	53	2	-1582	-245	-246	80	103049479	103055110
-48	25	0	-1566	-245	-245	79	103055117	103060869
-48	25	0	-1566	-245	-245	79	103060876	103066728
-27	17	4	-1549	-245	-245	77	103066735	103072366
-27	17	4	-1531	-247	-246	75	103072373	103079943
-24	31	0	-1514	-249	-248	74	103079950	103088563
-58	0	0	-1514	-249	-248	74	103088570	103097150
-63	-21	0	-1498	-250	-250	72	103097158	103102788
-63	-21	0	-1484	-251	-251	71	103102795	103108752
-73	-3	2	-1484	-251	-251	71	103108767	103114475
-73	-3	2	-1469	-251	-251	70	103114486	103120998
-41	88	-14	-1449	-251	-248	68	103121013	103129230
-88	47	7	-1420	-250	-244	65	103129241	103137788
-36	102	1	-1420	-250	-244	65	103137796	103146095
-92	33	-2	-1383	-251	-244	62	103146103	103152195
-92	33	-2	-1341	-250	-239	59	103152202	103158042
-63	5	3	-1341	-250	-239	59	103158049	103163680
-63	5	3	-1300	-249	-234	55	103163687	103169515
-71	-14	4	-1300	-249	-234	55	103169522	103177044
-59	-18	2	-1262	-249	-231	52	103177051	103184585
1	76	-10	-1230	-250	-228	50	103184592	103192111
1	76	-10	-1198	-250	-226	47	103192119	103200078
-13	79	3	-1198	-250	-226	47	103200086	103205967
-25	69	-3	-1160	-250	-227	45	103205978	103211800
-25	69	-3	-1116	-251	-229	42	103211815	103217630
-38	46	1	-1116	-251	-229	42	103217638	103226015
-78	4	5	-1071	-252	-231	39	103226042	103233466
-48	45	-2	-1027	-253	-230	36	103233477	103240659
-48	45	-2	-983	-253	-232	33	103240666	103249291
-70	66	0	-983	-253	-232	33	103249298	103254932
-70	66	0	-938	-254	-233	31	103254939	103260758
-64	38	2	-938	-254	-233	31	103260765	103266401
-96	44	5	-895	-254	-234	28	103266409	103272175
-96	44	5	-850	-253	-230	26	103272182	103279728
-63	18	0	-805	-242	-241	23	103279735	103287768
-28	74	-3	-805	-242	-241	23	103287776	103295749
-44	93	-2	-756	-242	-240	21	103295757	103302211
-44	93	-2	-698	-241	-241	18	103302218	103308372
-39	103	-3	-698	-241	-241	18	103308387	103314133
-39	103	-3	-637	-240	-241	16	103314144	103320039
-58	76	0	-572	-239	-242	14	103320046	103328217
-66	62	-11	-572	-239	-242	14	103328232	103336910
-64	58	-11	-506	-239	-241	11	103336921	103343137
-64	58	-11	-440	-225	-255	9	103343145	103350614
-53	70	3	-440	-225	-255	9	103350621	103356251
-37	127	-11	-334	-213	-275	7	103356259	103361969
-37	127	-11	-334	-213	-275	7	103361976	103367782
-49	99	1	-252	-212	-270	6	103367789	103373422
-49	99	1	-161	-210	-269	4	103373429	103380117
-58	29	-3	-66	-209	-269	4	103380124	103388553
-54	16	1	-66	-209	-269	4	103388560	103397292
-104	-84	8	28	-209	-269	4	103397300	103402937
-104	-84	8	151	-208	-268	4	103402944	103409035
-72	-26	-1	151	-208	-268	4	103409046	103414757
-72	-26	-1	233	-207	-266	5	103414773	103420416
-86	-6	6	313	-206	-265	6	103420423	103428442
-88	-20	1	313	-206	-265	6	103428457	103437396
-89	6	-1	390	-205	-264	8	103437411	103444781
-47	72	4	467	-204	-261	10	103444788	103451681
-47	72	4	467	-204	-261	10	103451688	103457538
-46	112	0	570	-203	-257	13	103457545	103463314
-46	112	0	658	-202	-256	16	103463321	103469203
-59	152	-2	658	-202	-256	16	103469211	103475784
-66	126	-5	756	-201	-256	21	103475791	103483044
-66	126	-5	863	-199	-256	26	103483051	103490611
-66	33	9	973	-198	-255	32	103490618	103499315
-73	27	0	973	-198	-255	32	103499322	103504952
-78	11	3	1082	-196	-255	39	103504959	103510832
-78	11	3	1082	-196	-255	39	103510840	103516827
-86	-31	4	1186	-195	-256	46	103516838	103522581
-86	-31	4	1284	-192	-256	54	103522592	103530871
-64	-36	7	1375	-191	-256	61	103530886	103539798
-89	-85	5	1461	-189	-256	68	103539809	103548547
-76	-90	6	1461	-189	-256	68	103548555	103554186
-76	-90	6	1545	-187	-255	76	103554194	103560147
-53	-49	6	1545	-187	-255	76	103560155	103565785
-57	12	0	1622	-186	-253	84	103565792	103571608
-57	12	0	1698	-185	-252	91	103571615	103578810
-56	22	4	1698	-185	-252	91	103578817	103587372
-47	91	-6	1773	-183	-251	99	103587380	103594452
-72	-20	6	1853	-182	-250	108	103594459	103601625
-72	-20	6	1853	-182	-250	108	103601632	103607491
-52	-14	2	1937	-181	-249	118	103607498	103613225
-52	-14	2	2019	-179	-249	128	103613233	103619417
-38	-13	-4	2019	-179	-249	128	103619428	103626495
-50	-9	1	2100	-178	-248	138	103626506	103634739
-41	-39	2	2182	-176	-248	149	103634770	103642083
-41	-39	2	2265	-175	-248	160	103642090	103650476
-60	-70	4	2265	-175	-248	160	103650483	103656115
-60	-45	3	2323	-174	-246	168	103656123	103661811
-60	-45	3	2323	-174	-246	168	103661819	103667684
-51	-38	6	2400	-172	-244	179	103667691	103673322
-51	-38	6	2472	-171	-241	190	103673329	103680472
-47	11	-1	2542	-170	-240	201	103680479	103689001
-42	55	-1	2542	-170	-240	201	103689009	103697749
-33	90	-2	2612	-169	-239	212	103697756	103703387
-33	90	-2	2652	-169	-238	219	103703394	103709294
-35	136	-4	2652	-169	-238	219	103709301	103715088
-35	136	-4	2740	-168	-236	233	103715100	103720895
-60	108	-4	2740	-168	-236	233	103720910	103728288
-63	45	0	2841	-167	-236	251	103728296	103737067
-62	19	1	2950	-166	-235	14	103737094	103744501
-72	-63	5	3059	-164	-233	35	103744508	103751830
-72	-63	5	3059	-164	-233	35	103751837	103757735
-71	-54	6	3148	-162	-233	52	103757742	103763409
-71	-54	6	3242	-160	-235	70	103763416	103769110
-62	-39	4	3242	-160	-235	70	103769118	103775288
-57	-34	2	3330	-158	-237	89	103775295	103782320
-57	-34	2	3416	-156	-239	107	103782327	103790589
-67	-4	1	3503	-155	-240	125	103790596	103799139
-66	1	3	3503	-155	-240	125	103799147	103804783
-66	1	3	3559	-153	-241	138	103804791	103810648
-67	8	2	3559	-153	-241	138	103810655	103816286
-64	17	3	3655	-152	-241	159	103816293	103822342
-64	17	3	3752	-150	-241	182	103822358	103830036
-56	47	-1	3853	-148	-241	206	103830044	103839411
-56	-11	6	3853	-148	-241	206	103839438	103848236
-72	-42	3	3953	-145	-243	231	103848243	103853874
-72	-42	3	4029	-143	-248	250	103853881	103859766
-71	-89	3	4029	-143	-248	250	103859777	103865412
-71	-89	3	4117	-140	-253	16	103865419	103871128
-84	-96	2	4117	-140	-253	16	103871135	103878136
-71	-71	0	4197	-137	-258	37	103878143	103886042
-75	-94	4	4276	-134	-261	58	103886049	103893244
-75	-94	4	4355	-131	-261	80	103893252	103901236
-62	-81	5	4355	-131	-261	80	103901243	103906874
-52	-4	3	4393	-130	-259	91	103906881	103912730
-52	-4	3	4393	-130	-259	91	103912738	103918458
-57	18	0	4477	-128	-257	114	103918469	103924920
-76	-11	3	4565	-126	-256	139	103924935	103931940
-76	-11	3	4655	-124	-254	166	103931948	103941206
-77	-9	6	4740	-122	-254	191	103941277	103950064
-75	27	0	4740	-122	-254	191	103950071	103955713
-71	21	1	4771	-121	-253	200	103955720	103961608
-71	21	1	4771	-121	-253	200	103961615	103967246
-72	-11	2	4853	-119	-252	226	103967253	103972937
-72	-11	2	4935	-116	-252	251	103972945	103980208
-55	-58	2	4935	-116	-252	251	103980215	103988682
-52	-56	7	5013	-113	-253	20	103988690	103996377
-34	-44	9	5087	-110	-256	44	103996385	104002975
-34	-44	9	5087	-110	-256	44	104002982	104008822
-40	-39	1	5096	-106	-262	47	104008829	104014462
-40	-39	1	5164	-98	-271	70	104014469	104020277
-45	-67	3	5164	-98	-271	70	104020288	104027977
-36	-76	4	5233	-95	-273	93	104027992	104035270
-49	-34	1	5301	-96	-270	116	104035277	104043117
-49	-34	1	5368	-91	-257	139	104043144	104051533
-62	-48	7	5368	-91	-257	139	104051544	104057191
-47	-5	1	5383	-87	-248	144	104057198	104063982
-47	-5	1	5446	-87	-245	166	104063989	104071573
-44	-14	5	5508	-87	-242	188	104071580	104080179
-38	11	0	5508	-87	-242	188	104080186	104088579
-17	32	-1	5570	-87	-238	210	104088586	104096308
-32	74	0	5634	-87	-235	233	104096315	104103052
-32	74	0	5634	-87	-235	233	104103060	104108782
-27	111	-5	5648	-87	-231	238	104108789	104114443
-27	111	-5	5720	-87	-229	9	104114450	104120341
-30	75	-3	5720	-87	-229	9	104120352	104127414
-27	106	-5	5797	-86	-226	38	104127422	104135341
-43	20	1	5881	-85	-223	70	104135356	104142881
-43	20	1	5972	-83	-218	105	104142912	104151271
-54	5	0	5972	-83	-218	105	104151278	104156909
-54	-17	9	6013	-81	-217	121	104156916	104162635
-54	-17	9	6013	-81	-217	121	104162643	104168516
-58	3	-2	6107	-79	-219	159	104168524	104174162
-58	3	-2	6195	-76	-222	194	104174170	104181454
-61	6	1	6280	-73	-225	229	104181461	104190045
-68	0	3	6280	-73	-225	229	104190052	104198674
-55	3	3	6360	-70	-227	7	104198681	104204314
-55	3	3	6393	-69	-228	21	104204321	104210220
-48	1	0	6393	-69	-228	21	104210227	104215864
-48	1	0	6471	-67	-229	54	104215871	104221797
-46	85	-2	6471	-67	-229	54	104221808	104229080
-32	90	-8	6549	-65	-228	88	104229087	104236866
-37	75	-1	6631	-63	-228	124	104236873	104244174
-37	75	-1	6718	-61	-229	162	104244181	104252136
-46	40	1	6718	-61	-229	162	104252151	104257836
-36	-2	4	6739	-58	-232	172	104257847	104263704
-36	-2	4	6830	-54	-237	214	104263712	104269589
-48	-48	2	6830	-54	-237	214	104269596	104275226
-65	-94	5	6920	-49	-243	255	104275233	104282298
-65	-94	5	7008	-44	-249	40	104282306	104290679
-59	-50	6	7008	-44	-249	40	104290686	104299313
-60	-54	0	7090	-39	-255	80	104299321	104304952
-60	-54	0	7113	-35	-259	91	104304959	104310695
-56	-54	8	7113	-35	-259	91	104310703	104316333
-56	-54	8	7190	-31	-262	128	104316340	104322209
-48	-13	-3	7266	-28	-262	166	104322221	104329709
-46	1	4	7266	-28	-262	166	104329717	104338098
-45	4	1	7342	-26	-260	204	104338106	104345372
-48	35	1	7419	-25	-258	242	104345379	104353253
-48	35	1	7419	-25	-258	242	104353269	104359145
-62	67	-5	7429	-25	-256	247	104359156	104364786
-62	67	-5	7511	-23	-255	33	104364793	104370682
-65	9	3	7511	-23	-255	33	104370689	104377437
-77	-27	4	7594	-20	-252	77	104377445	104385312
-53	-87	6	7676	-18	-251	120	104385319	104392497
-53	-87	6	7753	-16	-249	161	104392504	104401085
-65	-66	0	7753	-16	-249	161	104401092	104406724
-56	-16	0	7751	-18	-241	160	104406731	104412630
-56	-16	0	7751	-18	-241	160	104412637	104418269
-46	-13	5	7818	-18	-234	196	104418276	104424127
-46	-13	5	7887	-20	-224	233	104424138	104431513
-34	32	-6	7959	-19	-219	17	104431521	104439976
-53	47	2	7959	-19	-219	17	104439983	104448298
-30	44	6	8031	-18	-215	57	104448306	104455594
-30	44	6	8046	-17	-213	65	104455609	104461511
-31	24	0	8046	-17	-213	65	104461518	104467149
-36	81	0	8113	-13	-215	103	104467156	104473004
-36	81	0	8183	-8	-219	143	104473011	104480049
-25	40	-2	8183	-8	-219	143	104480056	104488578
-27	-66	13	8252	-2	-225	183	104488585	104495730
-58	-81	10	8314	5	-233	220	104495737	104503091
-58	-81	10	8314	5	-233	220	104503098	104508990
-45	-94	0	8301	10	-241	213	104508997	104514628
-45	-94	0	8347	14	-245	240	104514635	104520365
-39	-122	7	8347	14	-245	240	104520373	104527008
-47	-69	0	8387	16	-246	7	104527020	104534493
-47	-69	0	8424	16	-242	30	104534508	104542248
-23	-26	-4	8461	15	-238	52	104542263	104551077
-33	35	-8	8461	15	-238	52	104551085	104557335
-15	50	-1	8423	12	-231	29	104557350	104563223
-15	50	-1	8423	12	-231	29	104563230	104569090
1	17	4	8465	9	-223	54	104569098	104574728
1	17	4	8507	7	-218	79	104574736	104581925
-28	32	0	8551	6	-213	106	104581932	104590583
-32	16	3	8551	6	-213	106	104590590	104599246
-37	38	-5	8593	6	-211	132	104599253	104604884
-37	38	-5	8585	4	-207	127	104604891	104610782
-34	83	-1	8585	4	-207	127	104610789	104616422
-34	83	-1	8634	3	-202	157	104616429	104622339
-46	34	2	8634	3	-202	157	104622350	104629646
-29	2	0	8685	4	-200	189	104629653	104636730
-52	-8	-1	8736	9	-198	221	104636737	104643862
-52	-8	-1	8787	11	-198	253	104643869	104652067
-57	-28	9	8787	11	-198	253	104652075	104658306
-48	10	3	8776	11	-197	246	104658325	104664109
-48	10	3	8829	12	-195	24	104664117	104669922
-38	33	-2	8829	12	-195	24	104669929	104675560
-38	33	-2	8885	13	-194	60	104675567	104682571
-9	57	0	8947	14	-191	100	104682578	104691181
-21	80	-5	8947	14	-191	100	104691188	104699771
-37	52	-7	9014	14	-188	144	104699779	104705410
-37	52	-7	9036	15	-185	158	104705418	104711250
-32	20	4	9036	15	-185	158	104711257	104716891
-32	20	4	9099	17	-185	200	104716898	104722612
-34	8	4	9159	19	-185	240	104722623	104730021
-24	-43	1	9159	19	-185	240	104730028	104738295
-42	-32	4	9215	21	-186	22	104738302	104745401
-42	-32	4	9269	21	-185	59	104745408	104752859
-26	-47	2	9269	21	-185	59	104752866	104759253
-31	-44	3	9271	20	-183	61	104759272	104764921
-31	-44	3	9326	20	-180	98	104764928	104770789
-62	-38	5	9326	20	-180	98	104770797	104776948
-55	-5	-1	9379	20	-178	135	104776956	104783982
-55	-5	-1	9433	20	-175	173	104783989	104792276
-61	0	2	9489	20	-173	212	104792283	104800850
-61	26	2	9489	20	-173	212	104800857	104806487
-61	26	2	9486	21	-173	211	104806494	104812323
-44	24	5	9486	21	-173	211	104812331	104817961
-4	37	1	9536	24	-175	247	104817969	104823753
-4	37	1	9585	29	-179	26	104823764	104831113
-14	-11	1	9585	29	-179	26	104831120	104839562
-47	2	-2	9630	33	-184	58	104839569	104846831
-13	-18	1	9669	37	-188	87	104846838	104853854
-13	-18	1	9669	37	-188	87	104853862	104860210
-26	-30	2	9664	41	-192	83	104860233	104865919
-26	-30	2	9697	43	-196	107	104865930	104871646
-14	-33	5	9697	43	-196	107	104871653	104878490
-32	23	3	9728	44	-198	130	104878497	104885759
-32	23	3	9760	46	-200	154	104885770	104893068
-37	-15	3	9790	50	-202	177	104893075	104901382
-26	15	0	9790	50	-202	177	104901389	104907019
-26	15	0	9798	51	-204	182	104907027	104912897
-40	34	-3	9798	51	-204	182	104912904	104918537
-37	23	0	9829	53	-205	205	104918544	104924392
-37	23	0	9859	55	-206	228	104924403	104931934
-17	23	3	9890	58	-208	251	104931941	104940518
-19	32	0	9890	58	-208	251	104940525	104948450
-22	-3	0	9920	60	-210	19	104948457	104954942
-22	-3	0	9904	61	-213	6	104954949	104960744
-16	-6	0	9904	61	-213	6	104960751	104966877
-16	-6	0	9931	63	-216	27	104966892	104972774
-32	-24	0	9931	63	-216	27	104972781	104979970
-35	-35	2	9956	63	-218	46	104979978	104987813
-38	-2	0	9979	63	-218	63	104987821	104994967
-38	-2	0	10000	61	-216	79	104994974	105002949
-23	-18	3	10000	61	-216	79	105002956	105008603
-30	-13	1	9964	60	-212	52	105008610	105014466
-30	-13	1	9964	60	-212	52	105014473	105020244
-5	0	0	9980	59	-210	64	105020251	105025944
-5	0	0	9996	58	-208	76	105025956	105031961
0	26	0	9996	58	-208	76	105031968	105040447
-9	29	0	10014	56	-206	90	105040454	105048257
-22	21	1	10033	55	-205	105	105048264	105054753
-22	21	1	10033	55	-205	105	105054760	105060579
-30	7	3	10010	54	-205	87	105060586	105066751
-30	7	3	10028	53	-205	101	105066766	105072657
-52	-17	0	10028	53	-205	101	105072664	105079896
-36	-15	0	10044	54	-207	113	105079903	105087452
-58	-9	-1	10057	55	-208	124	105087460	105094597
-58	-9	-1	10070	54	-208	134	105094604	105102840
-40	-8	0	10070	54	-208	134	105102848	105108496
-28	-9	1	10039	54	-209	110	105108503	105114170
-28	-9	1	10039	54	-209	110	105114178	105120007
-22	10	0	10050	58	-210	118	105120014	105125691
-22	10	0	10061	60	-212	127	105125702	105132779
-27	36	1	10074	61	-215	137	105132786	105141237
-33	44	-2	10074	61	-215	137	105141245	105149577
-35	28	0	10089	63	-217	149	105149584	105155536
-35	28	0	10073	64	-219	136	105155543	105161430
-39	0	1	10073	64	-219	136	105161438	105167537
-39	0	1	10087	64	-220	147	105167560	105173308
-31	-18	2	10087	64	-220	147	105173319	105180673
-30	-23	1	10099	64	-220	157	105180680	105189090
-38	-41	6	10109	64	-220	164	105189097	105196081
-38	-41	6	10115	63	-220	169	105196089	105203713
-28	-24	0	10115	63	-220	169	105203720	105209365
-22	-12	0	10086	61	-220	147	105209373	105215016
-22	-12	0	10089	60	-218	149	105215023	105220828
-20	9	-2	10089	60	-218	149	105220835	105227179
-13	18	3	10092	58	-217	151	105227190	105234468
-13	18	3	10095	57	-216	154	105234475	105242775
-14	19	2	10099	56	-217	156	105242783	105251505
-25	31	-4	10099	56	-217	156	105251512	105257145
-25	31	-4	10063	54	-218	128	105257153	105263047
-40	-6	-1	10063	54	-218	128	105263054	105269136
-13	-7	0	10068	53	-218	132	105269159	105275102
-13	-7	0	10071	54	-217	135	105275114	105282078
-49	-12	1	10071	54	-217	135	105282085	105290741
-42	-29	1	10073	53	-217	137	105290748	105298688
-49	-12	1	10073	52	-217	137	105298696	105305184
-49	-12	1	10033	51	-218	106	105305192	105311078
-15	-29	7	10033	51	-218	106	105311086	105316716
-15	-29	7	10028	51	-217	101	105316724	105322380
-24	-19	2	10028	51	-217	101	105322387	105328492
-30	-24	-1	10021	51	-214	96	105328503	105334961
-30	-24	-1	10012	51	-214	89	105334968	105343016
-13	16	-3	10004	49	-213	83	105343023	105351673
-12	34	-2	10004	49	-213	83	105351680	105357320
-12	34	-2	9957	46	-211	46	105357327	105363229
-25	25	-7	9957	46	-211	46	105363237	105368871
4	12	3	9955	43	-207	45	105368878	105375104
4	12	3	9953	40	-203	44	105375119	105383026
-13	22	0	9950	38	-202	41	105383037	105391569
5	26	0	9950	38	-202	41	105391576	105398867
-7	-4	1	9946	38	-203	38	105398874	105405299
-7	-4	1	9916	37	-204	15	105405306	105411151
-18	2	2	9916	37	-204	15	105411158	105416792
-18	2	2	9907	36	-205	9	105416799	105422546
1	3	0	9907	36	-205	9	105422553	105428183
-17	4	-2	9898	35	-206	2	105428190	105434615
-17	4	-2	9890	34	-205	252	105434627	105442691
-34	-16	3	9890	34	-205	252	105442698	105450852
-39	2	5	9881	34	-203	245	105450859	105456490
-39	2	5	9840	34	-202	213	105456497	105462388
-30	25	1	9840	34	-202	213	105462395	105470316
-37	38	-2	9828	36	-201	205	105470324	105478367
-10	41	0	9817	34	-200	196	105478382	105485465
-10	41	0	9806	32	-199	188	105485476	105493430
6	46	3	9797	31	-200	181	105493438	105502013
0	44	-3	9797	31	-200	181	105502020	105507663
0	44	-3	9786	30	-200	173	105507671	105513566
6	45	-2	9786	30	-200	173	105513573	105519204
3	20	1	9781	29	-201	169	105519211	105524866
3	20	1	9776	28	-202	166	105524874	105532616
-14	15	-7	9776	28	-202	166	105532628	105541254
-16	-20	2	9773	27	-201	164	105541261	105549259
-8	-24	4	9770	24	-200	161	105549266	105555749
-8	-24	4	9742	21	-198	140	105555756	105561705
4	2	0	9742	21	-198	140	105561712	105567343
4	2	0	9738	19	-194	137	105567350	105573151
-13	2	4	9738	19	-194	137	105573159	105581055
-6	16	1	9733	16	-191	134	105581070	105588794
26	47	-2	9727	14	-190	129	105588801	105596063
26	47	-2	9720	14	-190	124	105596070	105603910
-10	22	-2	9720	14	-190	124	105603917	105609567
-2	7	0	9677	13	-191	93	105609574	105615448
-2	7	0	9677	13	-191	93	105615456	105621222
7	18	0	9669	13	-193	86	105621229	105626859
7	18	0	9660	13	-196	80	105626867	105633873
-3	24	-3	9652	13	-198	74	105633884	105641869
12	25	-5	9652	13	-198	74	105641876	105649173
26	17	4	9645	12	-200	69	105649181	105655792
26	17	4	9606	10	-202	41	105655799	105661773
15	15	-2	9606	10	-202	41	105661780	105668768
1	13	-1	9602	9	-202	38	105668776	105675277
1	13	-1	9598	6	-201	35	105675285	105683724
7	11	3	9593	4	-200	32	105683743	105691901
0	23	-1	9593	4	-200	32	105691908	105699232
-6	17	-2	9588	2	-198	28	105699239	105705857
-6	17	-2	9554	0	-198	4	105705864	105711742
-15	7	4	9554	0	-198	4	105711749	105717380
-15	7	4	9551	-2	-197	1	105717387	105723038
-15	-11	1	9551	-2	-197	1	105723045	105728676
-6	3	0	9546	-3	-196	254	105728683	105734750
-6	3	0	9541	-6	-195	250	105734761	105742753
2	4	0	9541	-6	-195	250	105742760	105750981
31	24	-2	9536	-8	-195	246	105750988	105756619
31	24	-2	9521	-9	-194	236	105756626	105762426
6	26	1	9521	-9	-194	236	105762433	105770341
21	16	-2	9519	-11	-193	235	105770348	105777077
21	16	-2	9519	-14	-193	235	105777084	105785081
21	8	0	9521	-15	-194	235	105785101	105793422
6	11	-4	9521	-15	-194	235	105793429	105801752
13	15	0	9522	-16	-195	236	105801759	105807390
13	15	0	9517	-17	-197	233	105807397	105813189
-1	13	-2	9517	-17	-197	233	105813196	105818826
-1	13	-2	9520	-19	-197	235	105818833	105824647
2	1	0	9520	-19	-197	235	105824654	105831379
5	-8	1	9524	-19	-197	238	105831386	105838396
-2	-4	1	9527	-19	-197	240	105838407	105845186
-2	-4	1	9530	-19	-197	242	105845193	105853613
-9	5	-3	9530	-19	-197	242	105853620	105859261
-25	16	0	9515	-19	-197	231	105859268	105865047
-25	16	0	9515	-19	-197	231	105865054	105870691
-18	6	-1	9518	-18	-197	233	105870698	105876479
-18	6	-1	9521	-18	-197	236	105876486	105882386
-6	1	0	9521	-18	-197	236	105882393	105891271
0	0	0	9524	-18	-197	238	105891286	105897887
11	1	1	9526	-17	-198	240	105897895	105905200
11	1	1	9526	-17	-198	240	105905207	105911360
18	15	-1	9520	-16	-200	235	105911367	105918841
21	10	0	9520	-15	-201	235	105918848	105926521
21	10	0	9520	-15	-201	235	105926528	105934378
21	17	-3	9520	-15	-201	235	105934389	105943199
27	25	0	9520	-15	-201	235	105943206	105951519
10	18	-3	9520	-17	-202	235	105951527	105957159
10	18	-3	9516	-19	-204	233	105957166	105963125
13	20	0	9516	-19	-204	233	105963132	105971310
1	19	-1	9516	-20	-205	233	105971318	105978698
-23	10	0	9518	-21	-205	234	105978706	105986336
-23	10	0	9519	-22	-204	234	105986367	105994758
-21	9	0	9520	-22	-204	235	105994770	106003507
-20	11	3	9520	-22	-204	235	106003514	106009202
-20	10	0	9527	-22	-204	240	106009213	106016233
-20	10	0	9528	-22	-204	241	106016240	106024256
-22	12	0	9529	-22	-204	242	106024263	106033039
-23	10	0	9529	-22	-204	242	106033046	106041316
-22	11	-2	9530	-20	-204	243	106041328	106047811
-21	9	2	9531	-19	-204	243	106047818	106055228
-21	9	2	9531	-19	-204	243	106055235	106060878
-23	10	0	9527	-17	-204	240	106060885	106067310
-23	10	0	9528	-16	-204	241	106067317	106074979
-23	9	1	9529	-15	-204	242	106074994	106083154
-21	10	-1	9529	-15	-204	242	106083161	106091570
-22	10	-2	9531	-13	-204	243	106091585	106098328
-21	8	0	9532	-12	-203	244	106098335	106105665
-21	8	0	9532	-12	-203	244	106105672	106111900
-21	8	1	9523	-11	-204	237	106111907	106118927
-21	10	0	9524	-10	-203	238	106118934	106125761
-21	10	0	9525	-9	-204	239	106125768	106134034
-21	9	0	9525	-9	-204	239	106134041	106142122
-21	10	0	9526	-9	-203	240	106142133	106149210
-22	10	0	9528	-8	-204	241	106149218	106156104
-22	10	0	9528	-8	-204	241	106156111	106162020
-20	9	2	9526	-7	-204	239	106162028	106168518
-22	8	0	9527	-6	-204	240	106168525	106175475
-22	8	0	9528	-6	-204	241	106175482	106183668
-20	10	0	9528	-6	-204	241	106183676	106192235
-19	8	0	9529	-4	-204	242	106192258	106199467
-20	9	0	9530	-3	-204	243	106199475	106206206
-20	9	0	9530	-3	-204	243	106206213	106212278
-21	10	2	9528	-2	-204	241	106212285	106219355
-21	10	-1	9529	-1	-204	241	106219362	106226061
-21	10	-1	9530	1	-204	242	106226068	106234278
-20	9	-1	9531	2	-204	243	106234286	106242586
-19	7	0	9531	2	-204	243	106242597	106249950
-21	7	0	9532	3	-203	244	106249957	106256619
-21	7	0	9532	5	-203	243	106256626	106262575
-21	11	3	9532	5	-203	243	106262582	106269694
-20	7	-2	9533	6	-203	244	106269702	106276207
-20	7	-2	9534	7	-203	245	106276214	106284384
-22	9	0	9534	7	-203	245	106284391	106292957
-19	7	0	9535	9	-202	246	106292980	106300620
-22	9	0	9536	10	-202	247	106300627	106307083
-22	9	0	9537	12	-202	247	106307090	106313091
-20	10	-2	9537	12	-202	247	106313099	106320824
-20	8	2	9538	13	-202	248	106320831	106327577
-20	8	2	9539	13	-202	249	106327584	106335281
-18	6	-1	9540	13	-203	250	106335288	106343472
-16	11	1	9540	13	-203	250	106343483	106351490
-18	7	-2	9541	14	-203	251	106351497	106357597
-18	7	-2	9508	14	-203	227	106357604	106363454
-18	9	0	9508	14	-203	227	106363461	106370817
-18	9	0	9510	14	-204	228	106370824	106377271
-18	9	0	9511	15	-204	229	106377278	106385199
-19	10	-2	9512	17	-203	229	106385206	106393523
-18	8	0	9512	17	-203	229	106393530	106402305
-18	7	0	9513	17	-204	230	106402320	106408000
-18	7	0	9514	19	-203	231	106408011	106414103
-18	11	2	9514	19	-203	231	106414110	106422281
-19	8	0	9515	19	-204	231	106422288	106429300
-19	8	0	9516	20	-204	232	106429307	106436093
-19	8	0	9517	21	-204	233	106436100	106444294
-20	7	-2	9517	21	-204	233	106444305	106452633
-22	8	2	9518	22	-204	234	106452640	106458287
-22	8	2	9494	22	-204	216	106458294	106464100
-17	9	1	9494	22	-204	216	106464108	106472200
-15	7	-1	9495	23	-204	217	106472207	106478420
-15	7	-1	9496	23	-204	218	106478428	106485825
-18	7	0	9497	23	-205	219	106485833	106493726
-19	6	0	9497	23	-205	219	106493733	106501854
-18	7	0	9498	24	-205	220	106501869	106507855
-18	7	0	9492	24	-205	216	106507867	106513761
-19	8	0	9492	24	-205	216	106513768	106521746
-17	7	0	9493	24	-206	216	106521753	106528486
-17	7	0	9494	25	-206	217	106528493	106535890
-17	9	2	9496	25	-206	218	106535898	106543887
-18	8	1	9496	25	-206	218	106543898	106551880
-18	10	-1	9497	26	-207	219	106551887	106557983
-18	10	-1	9493	27	-207	216	106557990	106563840
-19	8	0	9493	27	-207	216	106563847	106571253
-18	9	2	9494	28	-206	217	106571261	106577995
-18	9	2	9496	29	-205	218	106578003	106585676
-18	8	0	9497	29	-204	219	106585683	106593950
-19	10	1	9497	29	-204	219	106593957	106602109
-17	6	2	9498	30	-203	219	106602132	106608227
-17	6	2	9498	30	-202	220	106608239	106614295
-17	8	0	9498	30	-202	220	106614302	106622408
-17	7	0	9500	31	-202	221	106622415	106629181
-18	7	-2	9501	32	-202	222	106629188	106636388
-18	7	-2	9502	32	-202	222	106636395	106644610
-17	8	-2	9502	32	-202	222	106644621	106652990
-17	7	0	9503	32	-202	223	106652997	106658642
-17	7	0	9495	32	-203	217	106658650	106664479
-18	7	2	9495	32	-203	217	106664487	106672631
-18	6	-1	9496	33	-203	218	106672638	106679426
-16	7	-1	9497	34	-202	219	106679433	106686618
-16	7	-1	9499	35	-202	220	106686625	106694950
-18	8	0	9499	35	-202	220	106694957	106703580
-17	5	0	9500	37	-202	221	106703603	106709462
-17	5	0	9501	37	-202	222	106709473	106715706
-16	8	1	9502	37	-202	222	106715713	106723774
-18	7	-1	9502	37	-202	222	106723781	106731404
-17	8	0	9503	38	-202	223	106731411	106737864
-17	8	0	9504	39	-202	224	106737871	106745806
-17	6	2	9505	40	-202	225	106745817	106754118
-16	6	0	9505	40	-202	225	106754125	106759770
-16	6	0	9507	40	-202	226	106759777	106765667
-18	7	1	9508	41	-202	227	106765674	106773808
-17	7	0	9508	41	-202	227	106773815	106781157
-17	5	1	9509	42	-202	227	106781164	106787578
-17	5	1	9510	42	-202	228	106787585	106795669
-15	9	-2	9511	42	-203	229	106795676	106803889
-17	6	2	9511	42	-203	229	106803896	106810210
-16	5	0	9509	42	-203	228	106810229	106816453
-16	5	0	9510	42	-203	228	106816460	106824710
-18	7	2	9510	42	-203	228	106824717	106832885
-15	7	0	9512	43	-204	229	106832893	106839492
-16	8	1	9513	43	-204	230	106839499	106846766
-16	8	1	9514	43	-205	231	106846778	106855171
-13	8	0	9514	43	-205	231	106855178	106860828
-17	6	2	9509	43	-205	227	106860835	106866700
-17	6	2	9510	44	-205	228	106866707	106874831
-16	6	0	9510	44	-205	228	106874838	106882896
-17	5	0	9511	44	-205	229	106882903	106889671
-15	7	-1	9512	44	-205	230	106889679	106896826
-15	7	-1	9513	45	-206	230	106896833	106905093
-15	5	1	9513	45	-206	230	106905100	106911317
-16	7	2	9510	45	-206	228	106911332	106917258
-16	7	2	9511	45	-206	229	106917265	106925487
-17	6	0	9511	45	-206	229	106925494	106933816
-18	6	0	9512	45	-206	230	106933824	106941191
-18	9	0	9513	46	-207	231	106941198	106947828
-18	9	0	9514	46	-207	231	106947840	106956149
-16	8	-2	9514	46	-207	231	106956156	106961808
-15	7	0	9516	46	-207	232	106961815	106968061
-15	7	0	9517	47	-207	233	106968068	106976083
-17	4	2	9518	47	-208	234	106976091	106984273
-16	6	1	9518	47	-208	234	106984281	106992104
-17	5	0	9519	48	-207	235	106992111	106998341
-17	5	0	9520	48	-208	236	106998348	107006399
-15	5	1	9520	48	-208	236	107006406	107013766
-16	5	-1	9521	48	-208	236	107013781	107021099
-16	7	0	9523	49	-208	237	107021107	107027593
-16	7	0	9524	48	-208	238	107027600	107035721
-17	4	-1	9524	48	-208	238	107035728	107043835
-15	4	1	9525	47	-209	239	107043842	107051255
-14	6	2	9526	46	-209	240	107051267	107057907
-14	6	2	9527	46	-210	240	107057914	107064217
-19	6	2	9527	46	-210	240	107064224	107072088
-16	6	0	9528	45	-211	241	107072095	107079313
-16	6	0	9529	44	-211	242	107079320	107086797
-18	7	0	9531	43	-212	243	107086804	107095205
-19	6	1	9531	43	-212	243	107095220	107103898
-16	4	2	9532	42	-212	244	107103905	107109561
-16	4	2	9533	41	-213	245	107109568	107117586
-17	6	0	9534	41	-214	245	107117601	107125865
-18	6	0	9535	40	-214	246	107125872	107134286
-19	7	0	9535	40	-214	246	107134297	107142240
-18	5	0	9536	39	-215	247	107142247	107149537
-18	5	0	9538	38	-215	248	107149548	107157029
-16	6	-2	9538	38	-215	248	107157036	107163017
-19	5	1	9539	38	-215	249	107163024	107169979
-17	4	2	9540	38	-215	250	107169986	107177217
-17	4	2	9541	38	-215	250	107177224	107185669
-18	7	-3	9541	38	-215	250	107185676	107194137
-19	6	1	9542	38	-215	251	107194145	107202148
-19	6	0	9543	38	-215	252	107202163	107208607
-19	6	0	9544	38	-215	252	107208615	107215865
-17	4	0	9544	38	-215	252	107215880	107224426
-19	5	1	9544	38	-215	252	107224433	107232036
-18	5	-1	9545	38	-215	253	107232043	107238711
-18	5	-1	9545	38	-215	254	107238718	107246693
-20	7	-1	9546	38	-215	254	107246704	107255364
-18	7	0	9546	38	-215	254	107255371	107261016
-19	4	1	9547	38	-215	255	107261023	107267283
-19	4	1	9548	38	-215	0	107267291	107275784
-19	3	-2	9548	38	-215	0	107275791	107284037
-18	5	-1	9549	38	-215	0	107284044	107291375
-19	6	3	9550	38	-215	1	107291382	107298103
-19	6	3	9551	38	-215	2	107298110	107306526
-15	3	2	9551	38	-215	2	107306533	107312880
-17	4	1	9552	38	-215	2	107312887	107320461
-18	5	0	9553	38	-215	3	107320477	107327678
-18	5	0	9554	38	-215	4	107327685	107335932
-19	6	-2	9554	38	-215	4	107335939	107344271
-19	7	2	9555	38	-215	4	107344278	107351968
-17	7	1	9556	38	-215	5	107351979	107358681
-17	7	1	9557	38	-215	6	107358688	107364995
-18	6	3	9557	38	-215	6	107365002	107372971
-17	4	1	9558	38	-215	6	107372979	107379729
-17	4	1	9558	38	-215	7	107379737	107387241
-16	5	0	9559	38	-215	8	107387248	107395372
-19	4	1	9559	38	-215	8	107395379	107403951
-18	6	2	9560	38	-215	8	107403958	107409603
-18	6	2	9561	38	-215	9	107409610	107416352
-17	7	2	9562	38	-215	9	107416359	107424986
-18	8	3	9562	38	-215	9	107425002	107432971
-18	7	0	9563	38	-215	10	107432982	107439857
-18	7	0	9563	38	-215	11	107439864	107447317
-18	6	2	9564	38	-215	11	107447328	107455923
-18	6	0	9564	38	-215	11	107455931	107461699
-19	7	1	9565	38	-215	12	107461706	107467931
-19	7	1	9566	38	-215	12	107467938	107476140
-19	4	0	9566	38	-215	12	107476147	107484505
-19	4	-1	9567	38	-215	13	107484513	107491805
-18	6	0	9568	38	-215	14	107491812	107498316
-18	6	0	9569	38	-215	14	107498323	107506855
-17	5	2	9569	38	-215	14	107506862	107513096
-18	6	0	9569	38	-215	15	107513104	107520098
-18	8	0	9570	38	-215	15	107520106	107527850
-18	8	0	9571	38	-215	16	107527865	107536251
-19	7	0	9571	38	-215	16	107536258	107544698
-17	6	0	9572	38	-215	17	107544705	107552435
-17	4	-1	9573	38	-215	17	107552446	107559101
-17	4	-1	9574	38	-215	18	107559108	107565392
-18	5	3	9574	38	-215	18	107565400	107573532
-18	7	-1	9575	38	-215	19	107573540	107580392
-19	7	-2	9576	38	-215	19	107580399	107587789
-19	7	-2	9577	38	-215	20	107587797	107596077
-18	7	1	9577	38	-215	20	107596084	107604616
-19	7	2	9578	38	-215	21	107604624	107610268
-19	7	2	9579	38	-215	22	107610275	107616913
-18	6	0	9580	38	-215	22	107616920	107625417
-19	7	1	9580	38	-215	22	107625432	107633468
-17	6	3	9581	38	-215	23	107633480	107640266
-17	6	3	9582	38	-215	24	107640273	107647747
-19	5	1	9582	37	-215	24	107647758	107656405
-17	5	1	9582	37	-215	24	107656412	107662054
-20	6	1	9583	37	-215	25	107662061	107668057
-20	6	1	9583	37	-215	25	107668064	107676478
-19	6	0	9583	37	-215	25	107676485	107684909
-18	6	-1	9584	37	-215	25	107684917	107692581
-20	4	0	9584	37	-215	25	107692588	107699701
-20	4	0	9584	37	-215	25	107699708	107707720
-21	6	2	9584	37	-215	25	107707727	107714565
-17	5	0	9584	37	-215	25	107714572	107721826
-16	7	1	9584	37	-215	25	107721833	107730062
-16	7	1	9584	37	-215	25	107730077	107737761
-18	7	0	9584	37	-215	25	107737768	107746309
-18	6	0	9584	37	-215	25	107746317	107755017
-20	6	1	9584	37	-215	25	107755028	107760686
-20	6	1	9584	37	-215	25	107760693	107767302
-20	5	2	9584	37	-215	25	107767309	107775719
-18	5	1	9584	37	-215	25	107775726	107783936
-18	6	0	9584	37	-215	25	107783944	107791086
-19	4	1	9584	37	-215	25	107791093	107798278
-19	4	1	9584	37	-215	25	107798286	107807061
-20	5	3	9584	37	-215	25	107807068	107813074
-17	4	3	9584	37	-215	25	107813081	107820364
-17	4	3	9584	37	-215	25	107820372	107828087
-19	6	0	9584	37	-215	25	107828094	107836789
-18	5	-1	9584	37	-215	25	107836804	107845180
-18	6	0	9584	37	-215	25	107845188	107853082
-20	5	1	9584	37	-215	25	107853093	107859648
-20	5	1	9584	37	-215	25	107859655	107866027
-20	8	1	9584	37	-215	25	107866035	107874373
-19	8	0	9584	37	-215	25	107874381	107881508
-19	9	-1	9584	37	-215	25	107881515	107888735
-19	9	-1	9584	37	-215	25	107888742	107897205
-18	6	0	9584	37	-215	25	107897212	107905772
-16	6	1	9584	37	-215	25	107905779	107911428
-16	6	1	9584	37	-215	25	107911435	107918185
-18	7	0	9584	37	-215	25	107918192	107926630
-19	6	3	9584	37	-215	25	107926637	107935489
-20	9	0	9584	37	-215	25	107935508	107943332
-19	6	1	9584	37	-215	25	107943339	107950740
-19	6	1	9584	37	-215	25	107950751	107958510
-19	5	3	9584	37	-215	25	107958517	107964895
-19	5	0	9584	37	-215	25	107964903	107972213
-17	6	0	9584	37	-215	25	107972220	107978890
-17	6	0	9584	37	-215	25	107978897	107987311
-19	5	-2	9584	37	-215	25	107987318	107995873
-19	6	-2	9584	37	-215	25	107995880	108003911
-22	6	0	9584	37	-215	25	108003918	108010190
-22	6	0	9584	37	-215	25	108010197	108016953
-20	8	4	9584	37	-215	25	108016960	108025562
-18	7	-1	9584	37	-215	25	108025569	108033089
-20	8	0	9584	37	-215	25	108033096	108041192
-20	8	0	9584	37	-215	25	108041207	108048442
-18	10	0	9584	37	-215	25	108048449	108057208
-18	6	0	9584	37	-215	25	108057219	108063025
-19	7	1	9584	37	-215	25	108063032	108069720
-19	7	1	9584	37	-215	25	108069727	108077846
-19	9	1	9584	37	-215	25	108077853	108086242
-20	8	-2	9584	37	-215	25	108086249	108094379
-19	8	0	9584	37	-215	25	108094386	108101538
-19	8	3	9584	37	-215	25	108101545	108109023
-19	8	3	9584	37	-215	25	108109030	108115796
-18	7	0	9584	37	-215	25	108115804	108124085
-19	6	0	9584	37	-215	25	108124100	108131104
-19	6	0	9584	37	-215	25	108131111	108139504
-19	8	-1	9584	37	-215	25	108139519	108147844
-20	8	0	9584	37	-215	25	108147852	108156548
-21	9	0	9584	37	-215	25	108156559	108162237
-21	9	0	9584	37	-215	25	108162245	108168379
-17	6	2	9584	37	-215	25	108168386	108176808
-17	8	-1	9584	37	-215	25	108176815	108185252
-20	8	0	9584	37	-215	25	108185259	108192553
-19	8	0	9584	37	-215	25	108192560	108199351
-19	8	0	9584	37	-215	25	108199358	108207760
-19	9	2	9584	37	-215	25	108207767	108213964
-19	7	0	9584	37	-215	25	108213972	108221111
-19	7	0	9584	37	-215	25	108221118	108228728
-17	8	2	9584	37	-215	25	108228735	108237310
-19	6	0	9584	37	-215	25	108237317	108246288
-19	8	0	9584	37	-215	25	108246303	108254333
-19	8	2	9584	37	-215	25	108254344	108260588
-19	8	2	9584	37	-215	25	108260595	108267022
-18	8	4	9584	37	-215	25	108267029	108275486
-18	7	1	9584	37	-215	25	108275494	108282813
-17	6	-1	9584	37	-215	25	108282820	108289964
-17	6	-1	9584	37	-215	25	108289971	108298187
-19	8	0	9584	37	-215	25	108298195	108306822
-19	7	0	9584	37	-215	25	108306829	108312534
-20	8	-1	9584	37	-215	25	108312542	108319318
-20	8	-1	9584	37	-215	25	108319325	108327742
-21	9	0	9584	37	-215	25	108327749	108336201
-17	6	0	9584	37	-215	25	108336208	108344375
-21	9	2	9584	37	-215	25	108344390	108351599
-21	9	2	9584	37	-215	25	108351606	108359175
-19	8	2	9584	37	-215	25	108359190	108365686
-20	9	0	9584	37	-215	25	108365693	108372769
-19	7	2	9584	37	-215	25	108372777	108379562
-19	7	2	9584	37	-215	25	108379569	108388249
-18	8	0	9584	37	-215	25	108388256	108396640
-21	7	0	9584	37	-215	25	108396647	108404611
-19	9	0	9584	37	-215	25	108404618	108410889
-19	9	0	9584	37	-215	25	108410897	108417701
-19	9	2	9584	37	-215	25	108417709	108426278
-18	6	0	9584	37	-215	25	108426285	108434033
-19	6	-2	9584	37	-215	25	108434040	108441165
-19	6	-2	9584	37	-215	25	108441172	108449144
-20	8	0	9584	37	-215	25	108449159	108457965
-18	10	1	9584	37	-215	25	108457980	108463623
-20	9	2	9584	37	-215	25	108463630	108470240
-20	9	2	9584	37	-215	25	108470247	108478512
-19	10	0	9584	37	-215	25	108478519	108486978
-19	8	-1	9584	37	-215	25	108486986	108495085
-19	9	3	9584	37	-215	25	108495092	108501957
-19	9	3	9584	37	-215	25	108501964	108509430
-15	5	0	9584	37	-215	25	108509437	108516113
-20	11	0	9584	37	-215	25	108516120	108523514
-20	8	1	9584	37	-215	25	108523521	108530199
-20	8	1	9584	37	-215	25	108530206	108538670
-18	9	-2	9584	37	-215	25	108538677	108547644
-18	7	0	9584	37	-215	25	108547659	108556216
-17	10	2	9584	37	-215	25	108556227	108561920
-17	10	2	9584	37	-215	25	108561927	108568309
-19	8	2	9584	37	-215	25	108568317	108576651
-19	9	0	9584	37	-215	25	108576658	108584060
-17	8	0	9584	37	-215	25	108584067	108591050
-17	8	0	9584	37	-215	25	108591057	108598957
-19	9	0	9584	37	-215	25	108598964	108607390
-18	7	1	9584	37	-215	25	108607397	108613027
-18	7	1	9584	37	-215	25	108613034	108619450
-19	7	0	9584	37	-215	25	108619457	108627682
-18	7	1	9584	37	-215	25	108627689	108635951
-18	7	1	9584	37	-215	25	108635958	108642796
-17	8	0	9584	37	-215	25	108642804	108650414
-17	8	0	9584	37	-215	25	108650429	108659101
-19	9	0	9584	37	-215	25	108659116	108664756
-18	10	0	9584	37	-215	25	108664763	108671215
-18	10	0	9584	37	-215	25	108671222	108679177
-19	8	3	9584	37	-215	25	108679185	108687295
-18	7	0	9584	37	-215	25	108687302	108695245
-16	8	0	9584	37	-215	25	108695252	108702208
-16	8	0	9584	37	-215	25	108702216	108710022
-17	8	0	9584	37	-215	25	108710030	108716639
-17	8	2	9584	37	-215	25	108716647	108723770
-19	7	0	9584	37	-215	25	108723777	108730612
-19	7	0	9584	37	-215	25	108730619	108738844
-18	8	-1	9584	37	-215	25	108738851	108747242
-19	11	3	9584	37	-215	25	108747249	108755974
-20	10	0	9584	37	-215	25	108755989	108762037
-20	10	0	9584	37	-215	25	108762048	108768222
-18	8	1	9584	37	-215	25	108768230	108776568
-18	7	1	9584	37	-215	25	108776576	108783574
-20	8	0	9584	37	-215	25	108783581	108790375
-20	8	0	9584	37	-215	25	108790382	108798618
-17	7	0	9584	37	-215	25	108798626	108807182
-19	9	1	9584	37	-215	25	108807190	108812925
-19	9	1	9584	37	-215	25	108812933	108819546
-18	7	0	9584	37	-215	25	108819553	108827831
-20	8	2	9584	37	-215	25	108827838	108836020
-17	8	0	9584	37	-215	25	108836027	108842955
-19	7	3	9584	37	-215	25	108842962	108850203
-19	7	3	9584	37	-215	25	108850210	108859453
-19	7	1	9584	37	-215	25	108859476	108865158
-19	8	0	9584	38	-216	25	108865166	108872101
-19	8	0	9584	38	-216	25	108872108	108879766
-19	7	2	9584	39	-217	25	108879773	108888167
-19	11	0	9584	39	-217	25	108888174	108896485
-18	7	-2	9584	40	-218	25	108896492	108903074
-18	6	2	9583	40	-219	25	108903081	108910484
-18	6	2	9583	40	-219	25	108910492	108916950
-20	8	2	9583	41	-221	25	108916957	108924032
-19	9	-1	9583	42	-222	25	108924039	108930846
-19	9	-1	9582	42	-222	24	108930853	108939366
-19	8	-1	9582	42	-222	24	108939381	108947468
-17	10	0	9582	42	-222	24	108947475	108955860
-20	8	0	9582	42	-222	24	108955895	108962667
-20	8	0	9582	42	-222	24	108962682	108968961
-19	9	0	9582	42	-222	24	108968968	108977315
-20	7	3	9582	42	-222	24	108977322	108984717
-18	10	0	9582	42	-222	24	108984724	108991302
-18	10	0	9582	42	-222	24	108991309	108999624
-19	7	0	9582	42	-222	24	108999631	109008184
-20	6	2	9582	42	-222	24	109008192	109013849
-20	8	2	9582	42	-222	24	109013856	109020513
-20	8	2	9582	42	-222	24	109020520	109029026
-18	9	0	9582	42	-222	24	109029034	109037490
-17	9	0	9582	42	-222	24	109037498	109045603
-18	9	1	9582	42	-222	24	109045619	109052892
-18	9	1	9582	42	-222	24	109052899	109061739
-18	9	2	9582	42	-222	24	109061758	109068027
-20	10	2	9582	42	-222	24	109068034	109075990
-18	8	0	9582	42	-222	24	109075998	109083087
-18	8	0	9582	42	-222	24	109083094	109090290
-19	6	0	9582	42	-222	24	109090298	109098522
-18	9	1	9582	42	-222	24	109098530	109107164
-19	9	0	9582	42	-222	24	109107172	109112829
-19	9	0	9582	42	-222	24	109112836	109119639
-20	10	2	9582	42	-222	24	109119646	109128069
-19	5	3	9582	42	-222	24	109128076	109136254
-19	8	-1	9582	42	-222	24	109136261	109143319
-19	8	-1	9582	42	-222	24	109143330	109150575
-19	7	1	9582	42	-222	24	109150586	109159091
-19	8	1	9582	42	-222	24	109159098	109165429
-19	10	0	9582	42	-222	24	109165448	109172517
-19	10	0	9582	42	-222	24	109172524	109180256
-20	9	0	9582	42	-222	24	109180263	109188799
-21	8	0	9582	42	-222	24	109188806	109197146
-17	8	0	9582	42	-222	24	109197153	109204262
-20	6	1	9582	42	-222	24	109204269	109211384
-20	6	1	9582	42	-222	24	109211391	109217771
-18	10	0	9582	42	-222	24	109217778	109225298
-18	9	0	9582	42	-222	24	109225305	109232431
-18	9	0	9582	42	-222	24	109232438	109240322
-18	9	0	9582	42	-222	24	109240329	109248485
-18	9	0	9582	42	-222	24	109248492	109256357
-19	8	3	9582	42	-222	24	109256364	109263035
-19	8	3	9582	42	-222	24	109263054	109269483
SUCCESSFUL.
/>
