6	-4	1	4033	154	373	253	1268897825	1268906896
4	-4	-4	4033	154	373	253	1268906915	1268916141
6	-4	3	4033	154	373	253	1268916156	1268924956
5	-2	2	4033	154	373	253	1268924963	1268930597
5	-2	2	4033	154	373	253	1268930605	1268937344
5	-5	1	4033	154	373	253	1268937352	1268945578
8	-3	0	4033	154	373	253	1268945585	1268953735
5	-4	-2	4033	154	373	253	1268953742	1268961165
5	-3	3	4033	154	373	253	1268961176	1268968378
5	-3	3	4033	154	373	253	1268968389	1268976983
6	-4	4	4033	154	373	253	1268976990	1268984354
11	-6	-1	4033	154	373	253	1268984365	1268991564
1	-6	0	4033	154	373	253	1268991575	1268998564
1	-6	0	4033	154	373	253	1268998572	1269006912
10	0	-1	4033	154	373	253	1269006919	1269015191
2	-6	-2	4033	154	373	253	1269015199	1269022873
8	-1	0	4033	154	373	253	1269022880	1269029506
8	-1	0	4033	154	373	253	1269029513	1269036087
2	-5	3	4033	154	373	253	1269036094	1269044801
6	-3	2	4033	154	373	253	1269044812	1269051891
2	-6	-2	4033	154	373	253	1269051898	1269058761
2	-6	-2	4033	154	373	253	1269058772	1269067302
7	-1	0	4033	154	373	253	1269067318	1269075998
4	-4	3	4033	154	373	253	1269076005	1269082028
5	-4	3	4033	154	373	253	1269082040	1269090110
5	-4	3	4033	154	373	253	1269090125	1269097964
5	0	1	4033	154	373	253	1269097972	1269106393
5	-3	1	4033	154	373	253	1269106401	1269114876
6	-3	-1	4033	154	373	253	1269114883	1269121976
4	-5	2	4033	154	373	253	1269121983	1269129166
4	-5	2	4033	154	373	253	1269129173	1269135527
4	-5	1	4033	154	373	253	1269135534	1269143227
8	-1	0	4033	154	373	253	1269143238	1269150361
8	-1	0	4033	154	373	253	1269150368	1269158261
5	-4	0	4033	154	373	253	1269158268	1269166527
3	-2	1	4033	154	373	253	1269166543	1269175287
2	-5	3	4033	154	373	253	1269175294	1269180931
2	-5	3	4033	154	373	253	1269180938	1269188203
6	-2	2	4033	154	373	253	1269188214	1269196790
4	-1	2	4033	154	373	253	1269196797	1269205134
2	-5	-2	4033	154	373	253	1269205141	1269212149
6	-4	0	4033	154	373	253	1269212156	1269219169
6	-4	0	4033	154	373	253	1269219176	1269227741
7	-2	-1	4033	154	373	253	1269227748	1269233676
6	-3	0	4033	154	373	253	1269233684	1269241011
6	-3	0	4033	154	373	253	1269241018	1269248963
3	-2	2	4033	154	373	253	1269248978	1269257477
7	-1	-2	4033	154	373	253	1269257484	1269265888
5	-3	1	4033	154	373	253	1269265903	1269273435
4	-2	3	4033	154	373	253	1269273442	1269280153
4	-2	3	4033	154	373	253	1269280160	1269287012
5	-1	-6	4033	154	373	253	1269287019	1269295774
6	-3	4	4033	154	373	253	1269295789	1269303153
6	-1	-6	4033	154	373	253	1269303160	1269310093
6	-1	-6	4033	154	373	253	1269310101	1269318358
5	-5	3	4033	154	373	253	1269318365	1269326781
2	-2	2	4033	154	373	253	1269326788	1269332419
2	-2	2	4033	154	373	253	1269332426	1269339040
8	-3	-3	4033	154	373	253	1269339051	1269347533
4	-3	2	4033	154	373	253	1269347541	1269356101
3	-3	-1	4033	154	373	253	1269356108	1269363685
5	-2	2	4033	154	373	253	1269363696	1269370845
5	-2	2	4033	154	373	253	1269370856	1269378890
7	-2	-2	4033	154	373	253	1269378897	1269385862
3	-3	0	4033	154	373	253	1269385869	1269393774
7	-5	3	4033	154	373	253	1269393789	1269401000
7	-5	3	4033	154	373	253	1269401007	1269408863
6	-4	1	4033	154	373	253	1269408870	1269417222
4	-4	1	4033	154	373	253	1269417234	1269425946
4	-5	3	4033	154	373	253	1269425953	1269431586
4	-5	3	4033	154	373	253	1269431593	1269438410
4	-2	3	4033	154	373	253	1269438417	1269447065
3	-6	3	4033	154	373	253	1269447072	1269455304
3	-4	0	4033	154	373	253	1269455311	1269462496
6	-3	-5	4033	154	373	253	1269462507	1269469701
6	-3	-5	4033	154	373	253	1269469712	1269478342
6	-3	3	4033	154	373	253	1269478349	1269485008
6	-3	4	4033	154	373	253	1269485015	1269492055
2	-3	1	4033	154	373	253	1269492066	1269499676
2	-3	1	4033	154	373	253	1269499687	1269508210
5	-2	0	4033	154	373	253	1269508218	1269516657
6	-5	0	4033	154	373	253	1269516668	1269524620
5	-4	0	4033	154	373	253	1269524627	1269531129
5	-4	0	4033	154	373	253	1269531136	1269537685
3	-2	2	4033	154	373	253	1269537692	1269546176
4	-5	3	4033	154	373	253	1269546183	1269553229
7	-3	-2	4033	154	373	253	1269553236	1269560187
7	-3	-2	4033	154	373	253	1269560194	1269568735
7	-1	-2	4033	154	373	253	1269568746	1269577296
5	-4	-1	4033	154	373	253	1269577304	1269582934
4	-4	5	4033	154	373	253	1269582942	1269589968
4	-4	5	4033	154	373	253	1269589979	1269598440
4	-1	1	4033	154	373	253	1269598447	1269606884
4	-4	-1	4033	154	373	253	1269606892	1269614809
5	-3	0	4033	154	373	253	1269614825	1269622070
5	-3	0	4033	154	373	253	1269622077	1269629947
5	-3	2	4033	154	373	253	1269629954	1269636638
5	-2	4	4033	154	373	253	1269636645	1269644063
4	-5	-1	4033	154	373	253	1269644071	1269651024
4	-5	-1	4033	154	373	253	1269651032	1269659176
5	-4	-1	4033	154	373	253	1269659183	1269667610
7	-4	1	4033	154	373	253	1269667625	1269675759
6	-2	0	4033	154	373	253	1269675766	1269681872
6	-2	0	3979	156	373	240	1269681880	1269688011
6	-5	0	3979	156	373	240	1269688019	1269696522
2	-4	2	3979	156	373	240	1269696530	1269704059
7	-3	1	3979	156	373	240	1269704070	1269711036
7	-3	1	3979	156	373	240	1269711044	1269719376
5	-4	0	3979	156	373	240	1269719383	1269728009
5	-5	0	3979	156	373	240	1269728017	1269733648
5	-5	0	3908	157	372	222	1269733655	1269739712
4	-4	3	3908	157	372	222	1269739723	1269748208
5	-5	-2	3908	157	372	222	1269748216	1269756724
6	-6	-1	3908	157	372	222	1269756731	1269763981
3	-3	4	3908	157	372	222	1269763996	1269770800
3	-3	4	3908	157	372	222	1269770807	1269779196
4	-1	0	3908	157	372	222	1269779203	1269784834
7	-5	3	3833	159	371	204	1269784842	1269791658
7	-5	3	3833	159	371	204	1269791669	1269799725
4	-3	1	3833	159	371	204	1269799733	1269808246
4	-4	0	3833	159	371	204	1269808257	1269816796
5	-2	0	3833	159	371	204	1269816807	1269823837
5	-4	0	3833	159	372	204	1269823844	1269830981
5	-4	0	3833	159	372	204	1269830988	1269836813
6	-3	3	3773	160	373	189	1269836820	1269843207
6	-3	3	3773	160	374	190	1269843214	1269850405
5	-2	3	3773	159	375	190	1269850413	1269858869
4	-1	-2	3773	159	375	190	1269858876	1269867521
6	-4	0	3773	159	377	190	1269867536	1269874979
5	-1	-1	3773	158	379	190	1269874986	1269881663
5	-1	-1	3773	158	379	190	1269881670	1269887546
7	-1	0	3697	160	381	172	1269887554	1269893212
7	-1	0	3697	158	385	172	1269893219	1269899109
5	0	4	3697	158	385	172	1269899116	1269905284
6	0	-1	3697	156	389	172	1269905291	1269912019
6	0	-1	3697	153	394	172	1269912026	1269920170
5	1	4	3697	150	402	172	1269920181	1269928563
3	6	2	3697	150	402	172	1269928571	1269934202
3	6	2	3697	146	412	173	1269934209	1269940039
3	8	6	3697	146	412	173	1269940050	1269945689
5	16	9	3697	140	425	173	1269945696	1269951494
5	16	9	3697	133	443	173	1269951501	1269958544
3	22	7	3697	133	443	173	1269958551	1269966120
5	20	9	3696	125	465	174	1269966135	1269972346
5	20	9	3695	114	493	174	1269972353	1269980496
4	25	12	3695	114	493	174	1269980503	1269986143
3	24	20	3693	101	528	175	1269986150	1269991999
3	24	20	3693	101	528	175	1269992006	1269997861
5	31	18	3689	86	570	175	1269997869	1270003500
5	31	18	3684	68	620	176	1270003507	1270010501
1	21	23	3677	48	679	176	1270010513	1270018629
2	14	24	3677	48	679	176	1270018636	1270026797
5	12	33	3668	24	748	178	1270026805	1270032911
5	12	33	3660	-2	824	179	1270032918	1270038579
6	21	42	3660	-2	824	179	1270038586	1270044353
6	21	42	3651	-32	907	182	1270044360	1270050253
8	23	50	3651	-32	907	182	1270050260	1270057882
10	29	54	3643	-63	998	185	1270057889	1270065543
5	60	61	3636	-96	1094	190	1270065558	1270072438
5	60	61	3630	-129	1191	196	1270072446	1270080638
-1	71	64	3630	-129	1191	196	1270080646	1270086276
0	71	74	3625	-159	1277	202	1270086283	1270091961
0	71	74	3625	-159	1277	202	1270091968	1270097856
8	57	77	3622	-189	1361	209	1270097863	1270103493
8	57	77	3624	-220	1453	217	1270103501	1270110984
14	53	90	3628	-247	1544	228	1270110995	1270119375
15	44	103	3628	-247	1544	228	1270119382	1270128001
6	51	108	3634	-272	1635	238	1270128008	1270133638
6	51	108	3637	-294	1726	249	1270133646	1270139530
8	61	110	3637	-294	1726	249	1270139541	1270145176
8	61	110	3638	-315	1817	4	1270145183	1270151012
0	67	126	3636	-334	1905	14	1270151019	1270158929
-4	44	122	3636	-334	1905	14	1270158936	1270167323
-3	24	124	3632	-351	1994	24	1270167338	1270174549
0	22	128	3627	-368	2082	35	1270174556	1270181893
0	22	128	3627	-368	2082	35	1270181901	1270187745
24	38	113	3625	-384	2168	47	1270187752	1270193411
24	38	113	3627	-399	2250	59	1270193419	1270199051
31	76	144	3627	-399	2250	59	1270199058	1270206358
46	101	145	3630	-413	2324	71	1270206365	1270214036
46	101	145	3637	-424	2385	81	1270214051	1270221373
43	69	115	3645	-431	2433	91	1270221381	1270230088
23	67	114	3645	-431	2433	91	1270230095	1270235726
23	67	114	3654	-435	2474	100	1270235733	1270241459
31	105	138	3654	-435	2474	100	1270241470	1270247105
30	109	147	3664	-438	2475	102	1270247113	1270252943
30	109	147	3671	-438	2463	102	1270252951	1270259718
26	129	86	3671	-438	2463	102	1270259725	1270267643
-21	74	117	3671	-432	2447	99	1270267658	1270274895
22	8	79	3658	-432	2458	98	1270274902	1270282298
22	8	79	3658	-432	2458	98	1270282305	1270288125
-25	114	90	3637	-436	2470	95	1270288132	1270293790
-25	114	90	3603	-444	2484	89	1270293797	1270299603
-74	142	97	3603	-444	2484	89	1270299610	1270307387
-68	147	73	3547	-456	2506	81	1270307394	1270314695
-62	296	184	3478	-473	2531	70	1270314710	1270322037
-62	296	184	3409	-490	2547	58	1270322044	1270330750
-157	379	192	3409	-490	2547	58	1270330757	1270336410
-262	389	137	3324	-501	2548	40	1270336417	1270342298
-262	389	137	3324	-501	2548	40	1270342305	1270347935
-142	298	122	3183	-510	2535	10	1270347942	1270353711
-142	298	122	3009	-519	2512	228	1270353718	1270361349
-56	279	121	2831	-535	2487	192	1270361356	1270370011
-145	517	108	2831	-535	2487	192	1270370026	1270378807
-294	692	116	2651	-559	2454	157	1270378814	1270384448
-294	692	116	2474	-586	2409	123	1270384455	1270390329
-691	1178	47	2474	-586	2409	123	1270390340	1270395975
-691	1178	47	2276	-593	2331	82	1270395982	1270401842
-289	1958	144	2205	-549	2183	50	1270401849	1270409748
-7	1358	153	2205	-549	2183	50	1270409755	1270418035
-48	86	-38	2308	-472	1986	36	1270418046	1270425349
-87	-68	-74	2492	-394	1786	38	1270425356	1270432724
-87	-68	-74	2492	-394	1786	38	1270432731	1270438545
-145	-387	8	2738	-322	1598	57	1270438553	1270444209
-145	-387	8	3009	-260	1433	89	1270444216	1270450022
-85	-214	31	3009	-260	1433	89	1270450029	1270457172
-137	-108	-10	3302	-209	1290	133	1270457179	1270464508
-137	-108	-10	3605	-162	1166	189	1270464520	1270472225
-247	-705	154	3887	-125	1055	247	1270472236	1270480924
43	470	-51	3887	-125	1055	247	1270480931	1270486562
-25	62	25	4152	-96	933	51	1270486569	1270492476
-25	62	25	4152	-96	933	51	1270492483	1270498120
-89	-89	-338	4468	-41	811	130	1270498127	1270504137
-89	-89	-338	4885	46	742	251	1270504144	1270512025
-182	-231	-73	5351	152	727	148	1270512032	1270520662
-302	-21	-104	5351	152	727	148	1270520673	1270529491
-278	-197	-137	5841	275	729	73	1270529498	1270535129
-278	-197	-137	6372	416	743	34	1270535136	1270541050
-349	-513	47	6372	416	743	34	1270541061	1270546698
-352	-490	7	6946	574	785	41	1270546705	1270552511
-352	-490	7	7557	748	861	100	1270552518	1270560361
-323	-515	-15	7557	748	861	100	1270560368	1270569092
-266	-642	24	8200	939	954	215	1270569107	1270576461
-303	-764	16	8872	1137	1069	139	1270576468	1270583487
-303	-764	16	8872	1137	1069	139	1270583494	1270589337
-355	-865	58	9566	1345	1204	133	1270589349	1270595263
-355	-865	58	10265	1558	1378	200	1270595275	1270601090
-372	-1014	213	10265	1558	1378	200	1270601098	1270609229
-399	-550	617	10947	1747	1613	76	1270609236	1270616674
-387	679	-411	11528	1823	1918	183	1270616686	1270624892
-387	679	-411	11869	1770	2127	58	1270624908	1270632770
-207	57	-169	11869	1770	2127	58	1270632777	1270638408
-1031	430	-295	12080	1708	2213	43	1270638415	1270644161
-1031	430	-295	12080	1708	2213	43	1270644169	1270649974
-126	-4	-362	12128	1658	2257	98	1270649982	1270656541
1818	188	194	12108	1619	2269	72	1270656548	1270663289
1818	188	194	12226	1562	2299	205	1270663296	1270671826
-307	267	-147	12446	1513	2323	208	1270671841	1270680595
194	-215	-113	12446	1513	2323	208	1270680602	1270686233
194	-215	-113	12657	1444	2366	212	1270686240	1270692164
-110	-582	-109	12657	1444	2366	212	1270692171	1270697803
-220	-115	-387	12849	1366	2445	213	1270697810	1270703613
-220	-115	-387	12962	1291	2491	107	1270703620	1270711846
132	36	-185	13043	1237	2494	212	1270711853	1270720348
20	-15	-137	13043	1237	2494	212	1270720355	1270728637
-32	37	-47	13118	1184	2486	50	1270728648	1270734711
-32	37	-47	13182	1130	2474	130	1270734718	1270740556
-29	101	-59	13182	1130	2474	130	1270740567	1270746206
-29	101	-59	13237	1076	2458	198	1270746213	1270752099
19	81	-58	13237	1076	2458	198	1270752106	1270759823
76	287	-53	13291	1023	2435	7	1270759831	1270767184
-106	123	-63	13348	978	2402	77	1270767199	1270774513
-106	123	-63	13417	948	2357	163	1270774524	1270782672
38	19	-40	13417	948	2357	163	1270782680	1270788313
236	87	-19	13494	916	2313	7	1270788320	1270794151
236	87	-19	13494	916	2313	7	1270794158	1270799982
137	18	-8	13601	878	2262	153	1270799989	1270806569
121	-12	-15	13732	840	2205	84	1270806576	1270813639
121	-12	-15	13904	795	2132	86	1270813647	1270822166
401	-329	74	14108	747	2046	151	1270822173	1270830953
230	-357	22	14108	747	2046	151	1270830965	1270836627
230	-357	22	14351	677	1949	50	1270836635	1270842473
-1064	-40	-197	14351	677	1949	50	1270842480	1270848126
-854	-837	-489	14530	630	1876	116	1270848137	1270854012
-854	-837	-489	14582	604	1863	216	1270854019	1270861864
116	36	-271	14582	604	1863	216	1270861872	1270870414
-120	-100	-120	14618	582	1854	28	1270870426	1270878248
-69	-20	-118	14660	570	1838	109	1270878255	1270884849
-69	-20	-118	14660	570	1838	109	1270884856	1270890709
-155	21	-78	14700	561	1816	187	1270890721	1270896357
-155	21	-78	14734	558	1789	253	1270896364	1270902011
-97	42	-39	14734	558	1789	253	1270902018	1270909909
-21	26	-10	14762	565	1754	48	1270909916	1270917171
-46	25	76	14787	574	1703	89	1270917182	1270923984
-46	25	76	14810	584	1644	125	1270923991	1270932708
-46	17	65	14810	584	1644	125	1270932719	1270938349
-37	-22	56	14830	597	1586	157	1270938357	1270944196
-37	-22	56	14830	597	1586	157	1270944204	1270950009
-46	5	52	14849	612	1531	187	1270950016	1270955650
-46	5	52	14865	626	1481	213	1270955657	1270963314
-69	-34	-8	14878	638	1439	233	1270963321	1270971590
-59	13	-26	14878	638	1439	233	1270971601	1270980382
-18	11	-10	14885	651	1402	242	1270980389	1270986020
-18	11	-10	14886	669	1362	239	1270986028	1270991929
11	-25	22	14886	669	1362	239	1270991936	1270997566
11	-25	22	14886	688	1318	232	1270997574	1271003458
7	-23	47	14886	707	1274	225	1271003465	1271011461
0	-32	52	14886	707	1274	225	1271011468	1271019794
1	-37	51	14887	727	1231	221	1271019801	1271027083
0	-21	47	14889	747	1192	220	1271027090	1271034411
0	-21	47	14889	747	1192	220	1271034418	1271040348
0	-3	31	14890	761	1161	220	1271040359	1271045994
0	-3	31	14890	770	1138	216	1271046001	1271051734
1	-12	26	14890	770	1138	216	1271051741	1271058006
-6	-20	22	14887	775	1118	207	1271058014	1271064783
-6	-20	22	14884	778	1100	196	1271064794	1271072812
-4	-22	17	14884	778	1100	196	1271072819	1271081036
-7	-38	13	14879	779	1081	184	1271081043	1271086680
-7	-38	13	14875	780	1063	172	1271086687	1271092540
-3	-52	19	14875	780	1063	172	1271092548	1271098178
-3	-52	19	14872	780	1043	163	1271098185	1271103995
7	-50	23	14872	780	1043	163	1271104002	1271110665
4	-24	13	14873	781	1022	161	1271110673	1271117279
0	-15	18	14875	784	1003	162	1271117290	1271124497
0	-15	18	14875	785	988	161	1271124504	1271133067
-2	-29	22	14875	785	988	161	1271133079	1271138725
-2	-29	22	14874	785	978	157	1271138732	1271144467
2	-22	18	14874	785	978	157	1271144474	1271150108
-17	-29	6	14874	785	973	156	1271150115	1271155885
-17	-29	6	14873	784	973	155	1271155892	1271162235
-15	-35	6	14873	784	973	155	1271162242	1271170429
-14	-22	4	14873	783	973	155	1271170440	1271177069
-11	-31	0	14873	783	974	155	1271177080	1271184461
-11	-31	0	14873	783	974	155	1271184468	1271190130
-16	-24	-8	14872	782	974	151	1271190142	1271195995
-16	-24	-8	14870	783	974	148	1271196002	1271201786
-10	-12	-7	14870	783	974	148	1271201793	1271207424
-10	-12	-7	14868	780	972	142	1271207431	1271214243
-8	-44	12	14867	778	972	140	1271214254	1271222415
2	-40	12	14867	778	972	140	1271222422	1271230344
-9	-33	8	14868	776	974	142	1271230352	1271236600
-9	-33	8	14869	775	975	144	1271236611	1271242295
-13	-29	5	14869	775	975	144	1271242302	1271247933
-13	-29	5	14869	774	976	146	1271247940	1271253766
-11	-30	2	14869	774	976	146	1271253773	1271260617
-14	-36	5	14870	771	979	147	1271260624	1271267507
-10	-29	0	14870	769	981	147	1271267522	1271274650
-10	-29	0	14870	768	983	147	1271274657	1271283077
-13	-30	3	14870	768	983	147	1271283085	1271288718
-10	-31	1	14870	767	984	148	1271288725	1271295441
-10	-31	1	14871	766	985	149	1271295448	1271303530
-8	-26	3	14871	766	985	149	1271303538	1271311514
-10	-26	1	14871	766	986	150	1271311521	1271318668
-10	-30	5	14871	765	988	151	1271318675	1271325409
-10	-30	5	14871	764	989	150	1271325416	1271333757
-9	-32	5	14871	764	989	150	1271333765	1271339418
-8	-29	2	14871	762	990	150	1271339429	1271346110
-8	-29	2	14871	761	992	150	1271346118	1271354049
-10	-26	3	14871	760	993	150	1271354056	1271362442
-9	-25	1	14871	760	993	150	1271362450	1271370304
-9	-28	7	14871	759	995	150	1271370311	1271376743
-9	-28	7	14871	757	996	149	1271376750	1271384588
-7	-27	2	14871	757	996	149	1271384595	1271391449
-9	-26	3	14871	756	997	149	1271391460	1271398389
-7	-25	4	14870	756	998	149	1271398396	1271405380
-7	-25	4	14870	755	999	149	1271405387	1271413462
-5	-23	0	14870	755	999	149	1271413469	1271421667
-8	-27	2	14870	754	1000	149	1271421675	1271428781
-9	-23	7	14870	752	1002	149	1271428788	1271435808
-9	-23	7	14870	750	1003	148	1271435815	1271442362
-6	-27	2	14870	750	1003	148	1271442377	1271449905
-10	-23	4	14870	749	1004	148	1271449912	1271456617
-10	-23	4	14870	748	1006	148	1271456624	1271464537
-7	-26	2	14870	746	1007	148	1271464556	1271472730
-11	-25	0	14870	746	1007	148	1271472737	1271480382
-9	-25	3	14870	745	1008	148	1271480393	1271486666
-9	-25	3	14870	743	1010	148	1271486673	1271493517
-9	-23	0	14870	743	1010	148	1271493524	1271501783
-10	-24	2	14870	742	1011	148	1271501790	1271508613
-7	-22	0	14870	741	1012	148	1271508620	1271515552
-7	-22	0	14869	739	1014	147	1271515564	1271523778
-8	-26	1	14869	739	1014	147	1271523785	1271532158
-9	-23	1	14869	738	1015	147	1271532165	1271537796
-9	-23	1	14869	737	1016	147	1271537803	1271544587
-6	-23	1	14869	735	1017	147	1271544598	1271552743
-10	-24	5	14869	735	1017	147	1271552750	1271560150
-7	-22	1	14869	734	1018	147	1271560157	1271566664
-7	-22	1	14869	733	1020	147	1271566675	1271574787
-11	-21	2	14869	732	1021	147	1271574794	1271583256
-8	-23	1	14869	732	1021	147	1271583267	1271588922
-8	-23	1	14869	731	1022	147	1271588934	1271595329
-8	-19	3	14869	730	1023	147	1271595336	1271603441
-8	-22	4	14869	730	1023	147	1271603448	1271611498
-8	-20	2	14869	729	1024	146	1271611505	1271618157
-8	-23	3	14869	728	1025	146	1271618164	1271625491
-8	-23	3	14869	727	1026	146	1271625498	1271633937
-8	-20	4	14869	727	1026	146	1271633945	1271639597
-8	-21	0	14869	726	1027	146	1271639609	1271646187
-8	-21	0	14869	725	1028	146	1271646199	1271654543
-8	-20	1	14869	725	1028	146	1271654550	1271662592
-6	-23	1	14869	724	1029	146	1271662599	1271670033
-8	-21	2	14868	723	1030	146	1271670044	1271676573
-8	-21	2	14868	722	1031	146	1271676580	1271684958
-6	-19	3	14868	722	1031	146	1271684969	1271691554
-7	-20	2	14868	721	1032	146	1271691566	1271698252
-7	-20	2	14868	720	1033	146	1271698259	1271705535
-5	-22	0	14868	719	1034	146	1271705543	1271713698
-7	-18	0	14868	719	1034	146	1271713705	1271721747
-8	-19	2	14868	718	1035	145	1271721755	1271728440
-8	-19	2	14868	717	1035	145	1271728447	1271735912
-6	-19	4	14868	717	1035	145	1271735919	1271742255
-6	-19	1	14868	716	1036	145	1271742262	1271749116
-6	-19	2	14868	715	1037	145	1271749128	1271756298
-6	-19	2	14868	714	1038	145	1271756305	1271764578
-7	-19	1	14868	714	1038	145	1271764597	1271772817
-4	-20	1	14868	713	1039	145	1271772824	1271779842
-6	-17	5	14868	713	1039	145	1271779850	1271786938
-6	-17	5	14868	712	1040	145	1271786945	1271793634
-7	-18	0	14868	712	1040	145	1271793642	1271801591
-7	-19	1	14868	711	1041	145	1271801599	1271807844
-7	-19	1	14868	710	1042	145	1271807851	1271815535
-5	-18	0	14868	709	1042	145	1271815547	1271823835
-6	-20	0	14868	709	1042	145	1271823843	1271831884
-4	-19	3	14868	709	1043	145	1271831892	1271837988
-4	-19	3	14868	708	1044	145	1271837995	1271844441
-8	-17	0	14868	708	1044	145	1271844448	1271852866
-9	-19	7	14868	707	1045	144	1271852877	1271859957
-6	-15	0	14868	706	1045	144	1271859964	1271866727
-6	-15	0	14867	706	1046	144	1271866738	1271874804
-8	-19	1	14867	706	1046	144	1271874812	1271883309
-5	-19	0	14867	705	1047	144	1271883317	1271889054
-5	-19	0	14867	704	1048	144	1271889065	1271895739
-6	-19	4	14867	703	1048	144	1271895746	1271903966
-6	-17	1	14867	703	1048	144	1271903973	1271911893
-4	-17	0	14867	702	1049	144	1271911900	1271918418
-4	-17	0	14867	702	1050	144	1271918425	1271926285
-5	-18	3	14867	701	1050	144	1271926296	1271935093
-4	-18	1	14867	701	1050	144	1271935105	1271940761
-6	-17	3	14867	700	1051	144	1271940772	1271946807
-6	-17	3	14867	699	1052	144	1271946814	1271955374
-6	-17	4	14867	699	1052	144	1271955393	1271963393
-8	-15	5	14867	699	1052	144	1271963400	1271970840
-5	-15	6	14867	698	1053	144	1271970851	1271977293
-5	-15	6	14867	698	1054	144	1271977301	1271985733
-9	-18	2	14867	698	1054	144	1271985744	1271992072
-4	-16	-1	14867	697	1054	144	1271992083	1271998732
-4	-16	-1	14867	696	1055	144	1271998739	1272006218
-7	-18	2	14867	696	1055	143	1272006225	1272014528
-4	-15	2	14867	696	1055	143	1272014540	1272022458
-10	-15	3	14867	695	1056	143	1272022465	1272028967
-10	-15	3	14867	695	1057	143	1272028974	1272036611
-5	-13	2	14867	695	1057	143	1272036619	1272043266
-5	-16	4	14867	694	1057	143	1272043274	1272050128
-7	-15	2	14867	693	1058	143	1272050135	1272057510
-7	-15	2	14867	693	1058	143	1272057521	1272065867
-6	-14	-2	14867	693	1059	143	1272065882	1272074117
-5	-14	-1	14867	693	1059	143	1272074124	1272081489
-4	-17	4	14867	692	1059	143	1272081496	1272088179
-4	-17	4	14867	691	1060	143	1272088190	1272094832
-5	-15	6	14867	691	1060	143	1272094839	1272103087
-7	-17	2	14867	691	1060	143	1272103095	1272109669
-7	-17	2	14867	690	1061	143	1272109677	1272116828
-6	-17	2	14867	689	1061	143	1272116835	1272125170
-3	-16	1	14867	689	1061	143	1272125178	1272133525
-4	-15	2	14866	689	1062	143	1272133533	1272139186
-4	-15	2	14866	688	1062	143	1272139197	1272145676
-4	-14	5	14866	688	1062	143	1272145683	1272154012
-4	-13	5	14866	688	1063	143	1272154019	1272161267
-6	-15	3	14866	687	1063	143	1272161274	1272167824
-6	-15	3	14866	687	1064	143	1272167831	1272176146
-5	-16	3	14866	686	1064	143	1272176154	1272184603
-6	-14	3	14866	686	1064	143	1272184611	1272190301
-6	-14	3	14866	686	1065	143	1272190312	1272196973
-5	-13	3	14866	685	1065	143	1272196980	1272205308
-6	-17	3	14866	685	1065	143	1272205315	1272213716
-6	-15	0	14866	685	1066	143	1272213728	1272220774
-4	-14	5	14866	684	1066	142	1272220781	1272227562
-4	-14	5	14866	684	1067	142	1272227570	1272235781
-4	-14	2	14866	684	1067	142	1272235788	1272241444
-5	-13	2	14866	683	1067	142	1272241456	1272247732
-5	-13	2	14866	683	1068	142	1272247739	1272255868
-4	-15	2	14866	683	1068	142	1272255875	1272264208
-5	-16	1	14866	682	1068	142	1272264231	1272271393
-5	-13	3	14866	682	1069	142	1272271400	1272278106
-5	-13	3	14866	681	1069	142	1272278113	1272286511
-6	-13	6	14866	681	1069	142	1272286518	1272293177
-3	-15	3	14866	681	1069	142	1272293184	1272299686
-3	-15	3	14866	680	1070	142	1272299693	1272307217
-3	-13	1	14866	680	1070	142	1272307224	1272315390
-4	-13	3	14866	680	1070	142	1272315401	1272323580
-4	-13	0	14866	679	1071	142	1272323588	1272330279
-6	-15	7	14866	679	1071	142	1272330286	1272337796
-6	-15	7	14866	679	1071	142	1272337803	1272344264
-4	-18	5	14866	678	1071	142	1272344272	1272351140
-4	-11	3	14866	678	1072	142	1272351147	1272357941
-4	-11	3	14866	677	1072	142	1272357949	1272366330
-4	-14	0	14866	677	1072	142	1272366350	1272374515
-6	-12	2	14866	677	1073	142	1272374523	1272381524
-4	-14	1	14866	677	1073	142	1272381532	1272388564
-4	-14	1	14866	676	1073	142	1272388575	1272395083
-5	-13	4	14866	676	1073	142	1272395091	1272402391
-3	-14	3	14866	676	1074	142	1272402398	1272408816
-3	-14	3	14866	675	1074	142	1272408823	1272417039
-6	-12	0	14866	675	1075	142	1272417046	1272425193
-4	-14	2	14866	675	1075	142	1272425200	1272432946
-6	-13	6	14866	674	1075	142	1272432953	1272439467
-6	-13	6	14866	674	1075	142	1272439478	1272445821
-6	-13	8	14866	674	1075	142	1272445829	1272454100
-6	-13	7	14866	674	1076	142	1272454107	1272460715
-4	-12	2	14866	673	1076	142	1272460723	1272468206
-4	-12	2	14866	673	1077	142	1272468221	1272476595
-4	-12	-1	14866	673	1077	142	1272476602	1272485093
-5	-14	5	14866	672	1077	141	1272485100	1272490794
-5	-14	5	14865	672	1077	141	1272490805	1272497571
-4	-13	3	14865	672	1078	141	1272497578	1272505841
-3	-14	2	14865	672	1078	141	1272505848	1272513657
-6	-13	3	14865	671	1078	141	1272513664	1272520131
-6	-13	3	14865	671	1079	141	1272520139	1272527811
-5	-12	0	14865	670	1079	141	1272527819	1272536394
-3	-11	0	14865	670	1079	141	1272536401	1272542135
-5	-13	5	14865	670	1079	141	1272542142	1272548513
-5	-13	5	14865	670	1080	141	1272548521	1272556709
-3	-11	3	14865	670	1080	141	1272556716	1272565085
-4	-12	0	14865	669	1080	141	1272565096	1272572623
-5	-12	1	14865	669	1080	141	1272572634	1272579169
-5	-12	1	14865	669	1081	141	1272579176	1272587459
-6	-12	5	14865	669	1081	141	1272587466	1272593948
-6	-13	2	14865	668	1081	141	1272593955	1272600398
-6	-13	2	14865	668	1081	141	1272600405	1272608087
-7	-11	4	14865	668	1082	141	1272608094	1272616291
-3	-12	2	14865	668	1082	141	1272616302	1272624464
-6	-12	3	14865	667	1082	141	1272624471	1272631175
-3	-12	3	14865	667	1082	141	1272631182	1272638535
-3	-12	3	14865	667	1082	141	1272638542	1272645093
-6	-12	3	14865	667	1083	141	1272645101	1272652267
-3	-11	2	14865	666	1083	141	1272652274	1272659108
-3	-11	2	14865	666	1083	141	1272659115	1272667384
-4	-11	1	14865	666	1084	141	1272667396	1272675977
-5	-11	3	14865	666	1084	141	1272675988	1272683904
-5	-11	4	14865	666	1084	141	1272683911	1272690192
-5	-11	4	14865	665	1084	141	1272690203	1272696883
-7	-11	4	14865	665	1084	141	1272696890	1272704971
-4	-11	0	14865	665	1085	141	1272704979	1272711457
-4	-11	-3	14865	665	1085	141	1272711465	1272718715
-4	-11	-3	14865	664	1085	141	1272718722	1272726994
-4	-12	3	14865	664	1085	141	1272727001	1272735774
-4	-13	3	14865	664	1085	141	1272735781	1272741433
-4	-13	3	14865	664	1085	141	1272741444	1272747979
-4	-11	0	14865	664	1085	141	1272747986	1272756189
-5	-11	4	14865	664	1085	141	1272756196	1272764405
-2	-14	1	14865	664	1085	141	1272764424	1272771762
-3	-12	1	14865	664	1085	141	1272771774	1272779015
-3	-12	1	14865	664	1085	141	1272779022	1272787618
-2	-14	1	14865	664	1085	141	1272787625	1272794353
-5	-8	4	14865	664	1085	141	1272794364	1272801216
-5	-8	4	14865	664	1085	141	1272801223	1272808703
-4	-13	0	14865	664	1085	141	1272808710	1272817219
-2	-12	-1	14865	664	1085	141	1272817230	1272825603
-3	-13	2	14865	664	1085	141	1272825610	1272832963
-3	-8	2	14865	664	1085	141	1272832970	1272839821
-3	-8	2	14865	664	1085	141	1272839832	1272846553
-5	-15	3	14865	664	1085	141	1272846564	1272854937
-5	-11	4	14865	664	1085	141	1272854944	1272862062
-4	-12	3	14865	664	1085	141	1272862069	1272869269
-4	-12	3	14865	664	1085	141	1272869280	1272877750
-3	-10	2	14865	664	1085	141	1272877761	1272886197
-4	-11	4	14865	664	1085	141	1272886204	1272891866
-4	-11	4	14865	664	1085	141	1272891874	1272898814
-4	-12	5	14865	664	1085	141	1272898821	1272907364
-2	-11	0	14865	664	1085	141	1272907371	1272915860
-4	-12	2	14865	664	1085	141	1272915871	1272923243
-5	-11	1	14865	664	1085	141	1272923250	1272930191
-5	-11	1	14865	664	1085	141	1272930199	1272938518
-3	-14	4	14865	664	1085	141	1272938526	1272945187
-2	-12	2	14865	664	1085	141	1272945194	1272952305
-6	-11	2	14865	664	1085	141	1272952312	1272959442
-6	-11	2	14865	664	1085	141	1272959449	1272967904
-2	-12	-1	14865	664	1085	141	1272967915	1272976619
-3	-12	3	14865	664	1085	141	1272976630	1272984673
-5	-10	5	14865	664	1085	141	1272984681	1272990995
-5	-10	5	14865	664	1085	141	1272991006	1272998137
-4	-11	3	14865	664	1085	141	1272998144	1273006676
-4	-12	1	14865	664	1085	141	1273006684	1273014725
-3	-10	1	14865	664	1085	141	1273014736	1273021848
-3	-10	1	14865	664	1085	141	1273021856	1273029345
-4	-11	0	14865	664	1085	141	1273029352	1273038024
-6	-12	5	14865	664	1085	141	1273038031	1273043857
-5	-12	6	14865	664	1085	141	1273043864	1273050787
-5	-12	6	14865	664	1085	141	1273050794	1273058882
-6	-12	2	14865	664	1085	141	1273058890	1273067079
-3	-10	0	14865	664	1085	141	1273067094	1273075301
-4	-12	1	14865	664	1085	141	1273075308	1273083040
-5	-10	5	14865	664	1085	141	1273083051	1273090245
-5	-10	5	14865	664	1085	141	1273090256	1273097241
-3	-10	4	14865	664	1085	141	1273097252	1273105571
-3	-9	0	14865	664	1085	141	1273105579	1273112737
-3	-12	2	14865	664	1085	141	1273112744	1273119893
-3	-12	2	14865	664	1085	141	1273119901	1273128334
-3	-14	2	14865	664	1085	141	1273128342	1273136910
0	-12	0	14865	664	1085	141	1273136917	1273142586
0	-12	0	14865	664	1085	141	1273142593	1273149276
-4	-10	4	14865	664	1085	141	1273149283	1273157701
-4	-13	3	14865	664	1085	141	1273157708	1273166273
-3	-12	-2	14865	664	1085	141	1273166289	1273173351
-4	-10	0	14865	664	1085	141	1273173358	1273180292
-4	-10	0	14865	664	1085	141	1273180299	1273188781
-3	-12	2	14865	664	1085	141	1273188792	1273195430
-4	-12	4	14865	664	1085	141	1273195437	1273202267
-4	-12	4	14865	664	1085	141	1273202274	1273209767
-5	-12	3	14865	664	1085	141	1273209774	1273218258
-4	-11	1	14865	664	1085	141	1273218265	1273226691
-4	-12	3	14865	664	1085	141	1273226699	1273234040
-5	-12	3	14865	664	1085	141	1273234047	1273240994
-5	-12	3	14865	664	1085	141	1273241005	1273247347
-3	-12	3	14865	664	1085	141	1273247354	1273255445
-3	-10	4	14865	664	1085	141	1273255461	1273262612
-3	-10	4	14865	664	1085	141	1273262623	1273269957
-4	-9	-1	14865	664	1085	141	1273269964	1273278446
-4	-12	3	14865	664	1085	141	1273278453	1273287362
-4	-13	5	14865	664	1085	141	1273287381	1273293126
-4	-13	5	14865	664	1085	141	1273293133	1273300125
-5	-11	5	14865	664	1085	141	1273300136	1273308603
-6	-12	4	14865	664	1085	141	1273308610	1273317101
-5	-11	2	14865	664	1085	141	1273317112	1273324418
-4	-12	2	14865	664	1085	141	1273324426	1273331386
-4	-12	2	14865	664	1085	141	1273331393	1273339720
-4	-10	2	14865	664	1085	141	1273339732	1273346256
-4	-11	3	14865	664	1085	141	1273346263	1273353375
-3	-11	5	14865	664	1085	141	1273353383	1273360578
-3	-11	5	14865	664	1085	141	1273360585	1273369084
-4	-10	0	14865	664	1085	141	1273369096	1273377404
-3	-10	1	14865	664	1085	141	1273377412	1273385143
-3	-10	3	14865	664	1085	141	1273385150	1273391772
-3	-10	3	14865	664	1085	141	1273391780	1273399190
-4	-14	3	14865	664	1085	141	1273399206	1273407741
-4	-10	0	14865	664	1085	141	1273407748	1273415815
-4	-12	2	14865	664	1085	141	1273415826	1273422855
-4	-12	2	14865	664	1085	141	1273422863	1273430369
-3	-11	1	14865	664	1085	141	1273430376	1273439167
-4	-12	2	14865	664	1085	141	1273439178	1273444813
-3	-10	5	14865	664	1085	141	1273444820	1273451835
-3	-10	5	14865	664	1085	141	1273451842	1273459935
-5	-10	2	14865	664	1085	141	1273459942	1273468433
-5	-10	3	14865	664	1085	141	1273468445	1273476969
-3	-12	-1	14865	664	1085	141	1273476976	1273484032
-3	-11	3	14865	664	1085	141	1273484039	1273491277
-3	-11	3	14865	664	1085	141	1273491288	1273498159
-4	-11	0	14865	664	1085	141	1273498166	1273506180
-5	-14	5	14865	664	1085	141	1273506188	1273513195
-5	-14	5	14865	664	1085	141	1273513202	1273520678
-4	-10	2	14865	664	1085	141	1273520685	1273529181
-4	-12	5	14865	664	1085	141	1273529188	1273537801
-4	-11	3	14865	664	1085	141	1273537808	1273543544
-4	-11	3	14865	664	1085	141	1273543551	1273550310
-4	-12	1	14865	664	1085	141	1273550318	1273558802
-3	-12	0	14865	664	1085	141	1273558809	1273567451
-5	-9	0	14865	664	1085	141	1273567462	1273574532
-4	-11	1	14865	664	1085	141	1273574540	1273581364
-4	-11	1	14865	664	1085	141	1273581372	1273589919
-3	-11	5	14865	664	1085	141	1273589930	1273597253
-3	-12	3	14865	664	1085	141	1273597264	1273604521
-3	-12	0	14865	664	1085	141	1273604528	1273611391
-3	-12	0	14865	664	1085	141	1273611399	1273619900
-4	-11	1	14865	664	1085	141	1273619907	1273628323
-4	-12	5	14865	664	1085	141	1273628330	1273636021
-4	-12	4	14865	664	1085	141	1273636028	1273642518
-4	-12	4	14865	664	1085	141	1273642525	1273649075
-3	-11	2	14865	664	1085	141	1273649082	1273657606
-4	-10	5	14865	664	1085	141	1273657613	1273664741
-3	-13	0	14865	664	1085	141	1273664760	1273671609
-3	-13	0	14865	664	1085	141	1273671620	1273679971
-2	-12	2	14865	664	1085	141	1273679978	1273688392
-2	-12	0	14865	664	1085	141	1273688399	1273694058
-2	-12	0	14865	664	1085	141	1273694066	1273701184
-3	-11	5	14865	664	1085	141	1273701199	1273709691
-3	-11	2	14865	664	1085	141	1273709698	1273718277
-3	-11	0	14865	664	1085	141	1273718289	1273725891
-5	-10	4	14865	664	1085	141	1273725898	1273733263
-5	-10	4	14865	664	1085	141	1273733271	1273741230
-2	-10	5	14865	664	1085	141	1273741241	1273747843
-3	-11	4	14865	664	1085	141	1273747850	1273754934
-4	-12	3	14865	664	1085	141	1273754941	1273761934
-4	-12	3	14865	664	1085	141	1273761941	1273770394
-3	-10	0	14865	664	1085	141	1273770405	1273778837
-6	-12	5	14865	664	1085	141	1273778844	1273786837
-5	-11	4	14865	664	1085	141	1273786845	1273793344
-5	-11	4	14865	664	1085	141	1273793352	1273800675
-2	-9	1	14865	664	1085	141	1273800686	1273809270
-3	-12	5	14865	664	1085	141	1273809277	1273817336
-4	-10	2	14865	664	1085	141	1273817347	1273824165
-4	-10	2	14865	664	1085	141	1273824172	1273831503
-4	-12	4	14865	664	1085	141	1273831510	1273840196
-4	-12	7	14865	664	1085	141	1273840208	1273845860
-3	-11	4	14865	664	1085	141	1273845871	1273852996
-3	-11	4	14865	664	1085	141	1273853003	1273861097
-5	-12	0	14865	664	1085	141	1273861104	1273869440
-4	-13	1	14865	664	1085	141	1273869451	1273877499
-3	-12	3	14865	664	1085	141	1273877506	1273884292
-3	-12	3	14865	664	1085	141	1273884299	1273891985
-3	-11	1	14865	664	1085	141	1273891992	1273899087
-4	-13	1	14865	664	1085	141	1273899098	1273907165
-3	-13	3	14865	664	1085	141	1273907176	1273914422
-3	-13	3	14865	664	1085	141	1273914433	1273921735
-5	-13	2	14865	664	1085	141	1273921743	1273930309
-4	-10	2	14865	664	1085	141	1273930316	1273939180
-3	-10	4	14865	664	1085	141	1273939191	1273944826
-3	-10	4	14865	664	1085	141	1273944833	1273951559
-4	-12	2	14865	664	1085	141	1273951566	1273960078
-4	-10	3	14865	664	1085	141	1273960085	1273968578
-4	-10	0	14865	664	1085	141	1273968593	1273975617
-3	-12	2	14865	664	1085	141	1273975625	1273982613
-3	-12	2	14865	664	1085	141	1273982621	1273991267
-4	-9	5	14865	664	1085	141	1273991279	1273998013
-4	-12	4	14865	664	1085	141	1273998021	1274005727
-3	-12	1	14865	664	1085	141	1274005742	1274014787
-3	-12	1	14865	664	1085	141	1274014806	1274022129
-5	-12	0	14865	664	1085	141	1274022136	1274030597
-4	-13	5	14865	664	1085	141	1274030604	1274039419
-3	-11	3	14865	664	1085	141	1274039431	1274045070
-3	-11	3	14865	664	1085	141	1274045078	1274051781
-2	-12	5	14865	664	1085	141	1274051788	1274060219
-3	-12	1	14865	664	1085	141	1274060226	1274068865
-2	-11	-1	14865	664	1085	141	1274068880	1274075965
-6	-11	5	14865	664	1085	141	1274075973	1274082775
-6	-11	5	14865	664	1085	141	1274082783	1274091390
-5	-13	3	14865	664	1085	141	1274091401	1274098024
-3	-11	5	14865	664	1085	141	1274098031	1274105605
-6	-11	4	14865	664	1085	141	1274105616	1274112915
-6	-11	4	14865	664	1085	141	1274112923	1274121491
-3	-12	1	14865	664	1085	141	1274121498	1274129957
-6	-13	5	14865	664	1085	141	1274129964	1274137868
-3	-11	1	14865	664	1085	141	1274137876	1274144174
-3	-11	1	14865	664	1085	141	1274144181	1274150862
-2	-10	1	14865	664	1085	141	1274150869	1274159343
-3	-11	4	14865	664	1085	141	1274159350	1274166806
-5	-10	3	14865	664	1085	141	1274166821	1274174222
-5	-10	3	14865	664	1085	141	1274174230	1274182189
-3	-12	3	14865	664	1085	141	1274182197	1274190866
-4	-10	2	14865	664	1085	141	1274190877	1274196511
-3	-12	5	14865	664	1085	141	1274196518	1274203680
-3	-12	5	14865	664	1085	141	1274203687	1274212041
-4	-12	4	14865	664	1085	141	1274212052	1274220409
-4	-10	2	14865	664	1085	141	1274220416	1274228552
-3	-12	4	14865	664	1085	141	1274228559	1274235706
-4	-12	3	14865	664	1085	141	1274235713	1274243183
-4	-12	3	14865	664	1085	141	1274243190	1274249644
-5	-12	3	14865	664	1085	141	1274249651	1274256991
-2	-13	2	14865	664	1085	141	1274256998	1274264220
-2	-13	2	14865	664	1085	141	1274264239	1274272336
-3	-10	1	14865	664	1085	141	1274272343	1274280621
-4	-12	0	14865	664	1085	141	1274280628	1274288864
-4	-11	5	14865	664	1085	141	1274288875	1274294966
-4	-11	5	14865	664	1085	141	1274294974	1274302044
-5	-11	3	14865	664	1085	141	1274302051	1274310627
-1	-10	3	14865	664	1085	141	1274310643	1274318772
-4	-10	6	14865	664	1085	141	1274318783	1274325596
-4	-10	6	14865	664	1085	141	1274325604	1274332906
-3	-9	3	14865	664	1085	141	1274332913	1274341754
-3	-10	2	14865	664	1085	141	1274341765	1274347401
-3	-13	5	14865	664	1085	141	1274347408	1274354237
-3	-13	5	14865	664	1085	141	1274354244	1274362442
-3	-10	1	14865	664	1085	141	1274362449	1274370806
-3	-12	1	14865	664	1085	141	1274370817	1274379033
-4	-12	2	14865	664	1085	141	1274379040	1274386192
-4	-11	1	14865	664	1085	141	1274386199	1274393586
-4	-11	1	14865	664	1085	141	1274393594	1274400403
-3	-14	2	14865	664	1085	141	1274400410	1274408158
-3	-12	3	14865	664	1085	141	1274408169	1274415793
-3	-12	3	14865	664	1085	141	1274415808	1274423313
-4	-11	2	14865	664	1085	141	1274423321	1274431773
-3	-12	2	14865	664	1085	141	1274431780	1274440480
-3	-11	4	14865	664	1085	141	1274440492	1274446126
-3	-11	4	14865	664	1085	141	1274446133	1274452771
-3	-11	2	14865	664	1085	141	1274452778	1274461055
-3	-12	2	14865	664	1085	141	1274461062	1274469412
-3	-12	-1	14865	664	1085	141	1274469423	1274476549
-4	-12	2	14865	664	1085	141	1274476556	1274483717
-4	-12	2	14865	664	1085	141	1274483724	1274492433
-2	-10	3	14865	664	1085	141	1274492440	1274499051
-4	-12	3	14865	664	1085	141	1274499058	1274506070
-4	-12	3	14865	664	1085	141	1274506078	1274513759
-4	-11	2	14865	664	1085	141	1274513774	1274522214
-3	-12	4	14865	664	1085	141	1274522221	1274530657
-3	-13	3	14865	664	1085	141	1274530664	1274538393
-3	-10	2	14865	664	1085	141	1274538400	1274545055
-3	-10	2	14865	664	1085	141	1274545062	1274551742
-4	-12	5	14865	664	1085	141	1274551749	1274560232
-3	-11	1	14865	664	1085	141	1274560239	1274567623
-4	-12	1	14865	664	1085	141	1274567638	1274574591
-4	-12	1	14865	664	1085	141	1274574598	1274582967
-5	-12	4	14865	664	1085	141	1274582974	1274591725
-4	-10	1	14865	664	1085	141	1274591736	1274597371
-3	-12	-1	14865	664	1085	141	1274597378	1274604304
-3	-12	-1	14865	664	1085	141	1274604311	1274612785
-4	-10	2	14865	664	1085	141	1274612792	1274621574
-3	-11	-1	14865	664	1085	141	1274621589	1274629920
-5	-12	0	14865	664	1085	141	1274629928	1274637091
-4	-11	1	14865	664	1085	141	1274637099	1274644489
-4	-11	1	14865	664	1085	141	1274644496	1274651147
-5	-11	3	14865	664	1085	141	1274651154	1274658826
-5	-12	4	14865	664	1085	141	1274658833	1274666181
-5	-12	4	14865	664	1085	141	1274666196	1274673789
-4	-12	2	14865	664	1085	141	1274673796	1274682235
-3	-10	0	14865	664	1085	141	1274682243	1274690874
-3	-11	-1	14865	664	1085	141	1274690885	1274696522
-3	-11	-1	14865	664	1085	141	1274696529	1274703531
-5	-8	3	14865	664	1085	141	1274703539	1274711823
-6	-11	5	14865	664	1085	141	1274711835	1274720495
-3	-11	2	14865	664	1085	141	1274720506	1274727505
-4	-10	4	14865	664	1085	141	1274727512	1274734660
-4	-10	4	14865	664	1085	141	1274734668	1274743241
-3	-12	5	14865	664	1085	141	1274743249	1274748879
-3	-12	5	14865	664	1085	141	1274748887	1274755577
-3	-12	5	14865	664	1085	141	1274755584	1274763787
-3	-12	0	14865	664	1085	141	1274763806	1274772343
-3	-10	1	14865	664	1085	141	1274772350	1274780797
-4	-11	3	14865	664	1085	141	1274780804	1274787887
-5	-12	0	14865	664	1085	141	1274787894	1274795047
-5	-12	0	14865	664	1085	141	1274795054	1274801929
-4	-14	5	14865	664	1085	141	1274801936	1274809853
-5	-10	5	14865	664	1085	141	1274809860	1274816944
-5	-10	5	14865	664	1085	141	1274816956	1274824387
-4	-11	2	14865	664	1085	141	1274824394	1274832815
-4	-11	0	14865	664	1085	141	1274832822	1274841524
-2	-12	2	14865	664	1085	141	1274841535	1274847184
-2	-12	2	14865	664	1085	141	1274847196	1274853933
-3	-9	2	14865	664	1085	141	1274853940	1274862185
-2	-12	2	14865	664	1085	141	1274862193	1274870608
-4	-10	3	14865	664	1085	141	1274870615	1274877761
0	-10	2	14865	664	1085	141	1274877768	1274884972
0	-10	2	14865	664	1085	141	1274884979	1274893657
-4	-11	2	14865	664	1085	141	1274893664	1274900247
-4	-10	5	14865	664	1085	141	1274900255	1274907283
-4	-10	5	14865	664	1085	141	1274907290	1274914668
-5	-10	3	14865	664	1085	141	1274914679	1274923180
-4	-11	0	14865	664	1085	141	1274923187	1274931793
-5	-12	3	14865	664	1085	141	1274931800	1274939122
-5	-11	6	14865	664	1085	141	1274939133	1274945841
-5	-11	6	14865	664	1085	141	1274945848	1274952598
-2	-12	4	14865	664	1085	141	1274952605	1274960747
-3	-12	1	14865	664	1085	141	1274960754	1274968122
-3	-12	1	14865	664	1085	141	1274968129	1274975313
-3	-12	1	14865	664	1085	141	1274975320	1274983617
-4	-10	1	14865	664	1085	141	1274983624	1274992288
-5	-11	4	14865	664	1085	141	1274992299	1274997934
-5	-11	4	14865	664	1085	141	1274997941	1275004741
-3	-12	1	14865	664	1085	141	1275004749	1275013203
-5	-12	1	14865	664	1085	141	1275013215	1275021650
-4	-12	4	14865	664	1085	141	1275021657	1275029264
-6	-9	2	14865	664	1085	141	1275029275	1275036170
-6	-9	2	14865	664	1085	141	1275036178	1275044679
-5	-11	5	14865	664	1085	141	1275044686	1275051164
-4	-12	3	14865	664	1085	141	1275051171	1275058209
-5	-11	5	14865	664	1085	141	1275058216	1275065492
-5	-11	5	14865	664	1085	141	1275065507	1275073820
-3	-11	1	14865	664	1085	141	1275073828	1275082372
-6	-12	5	14865	664	1085	141	1275082379	1275090129
-3	-11	2	14865	664	1085	141	1275090140	1275096758
-3	-11	2	14865	664	1085	141	1275096765	1275103730
-4	-12	2	14865	664	1085	141	1275103737	1275112241
-4	-12	3	14865	664	1085	141	1275112253	1275120189
-4	-10	1	14865	664	1085	141	1275120196	1275127379
-4	-10	1	14865	664	1085	141	1275127386	1275135458
-4	-10	0	14865	664	1085	141	1275135469	1275144106
-5	-11	4	14865	664	1085	141	1275144113	1275149925
-3	-11	2	14865	664	1085	141	1275149932	1275156787
-3	-11	2	14865	664	1085	141	1275156794	1275164966
-5	-10	1	14865	664	1085	141	1275164982	1275173384
-4	-12	2	14865	664	1085	141	1275173391	1275181968
-5	-12	4	14865	664	1085	141	1275181975	1275189069
-3	-9	4	14865	664	1085	141	1275189080	1275196252
-3	-9	4	14865	664	1085	141	1275196259	1275203156
-5	-11	4	14865	664	1085	141	1275203164	1275211303
-5	-10	1	14865	664	1085	141	1275211311	1275218243
-5	-10	1	14865	664	1085	141	1275218250	1275225498
-2	-11	0	14865	664	1085	141	1275225505	1275234107
-4	-11	5	14865	664	1085	141	1275234118	1275242656
-5	-10	2	14865	664	1085	141	1275242668	1275248304
-5	-10	2	14865	664	1085	141	1275248311	1275254849
-4	-12	3	14865	664	1085	141	1275254857	1275263393
-5	-12	3	14865	664	1085	141	1275263400	1275271831
-3	-11	0	14865	664	1085	141	1275271846	1275278939
-4	-13	0	14865	664	1085	141	1275278946	1275286075
-4	-13	0	14865	664	1085	141	1275286082	1275294688
-5	-11	6	14865	664	1085	141	1275294695	1275301342
-5	-11	4	14865	664	1085	141	1275301349	1275308349
-5	-11	4	14865	664	1085	141	1275308356	1275316051
-4	-13	2	14865	664	1085	141	1275316066	1275324652
-3	-12	0	14865	664	1085	141	1275324663	1275333427
-3	-12	3	14865	664	1085	141	1275333446	1275341436
-4	-12	1	14865	664	1085	141	1275341447	1275347711
-4	-12	1	14865	664	1085	141	1275347718	1275354340
-4	-12	7	14865	664	1085	141	1275354348	1275362827
-4	-11	3	14865	664	1085	141	1275362834	1275370699
-4	-10	0	14865	664	1085	141	1275370710	1275378562
-4	-10	0	14865	664	1085	141	1275378573	1275386048
-4	-12	4	14865	664	1085	141	1275386055	1275394798
-3	-10	1	14865	664	1085	141	1275394805	1275401091
-4	-10	3	14865	664	1085	141	1275401098	1275408215
-4	-10	3	14865	664	1085	141	1275408222	1275415973
-4	-11	2	14865	664	1085	141	1275415984	1275424487
-3	-11	0	14865	664	1085	141	1275424495	1275432981
-5	-11	6	14865	664	1085	141	1275432988	1275441222
-3	-11	3	14865	664	1085	141	1275441237	1275447712
-3	-11	3	14865	664	1085	141	1275447720	1275454351
-4	-10	2	14865	664	1085	141	1275454358	1275462810
-5	-11	4	14865	664	1085	141	1275462817	1275470162
-5	-11	5	14865	664	1085	141	1275470173	1275477002
-5	-11	5	14865	664	1085	141	1275477009	1275485460
-4	-12	3	14865	664	1085	141	1275485467	1275494253
-4	-11	2	14865	664	1085	141	1275494264	1275499896
-5	-10	6	14865	664	1085	141	1275499903	1275506853
-5	-10	6	14865	664	1085	141	1275506860	1275515294
-3	-12	2	14865	664	1085	141	1275515305	1275523563
-3	-10	0	14865	664	1085	141	1275523571	1275531208
-4	-11	4	14865	664	1085	141	1275531215	1275538913
-4	-11	4	14865	664	1085	141	1275538924	1275546624
-3	-11	2	14865	664	1085	141	1275546631	1275553334
-4	-14	5	14865	664	1085	141	1275553341	1275560778
-5	-10	5	14865	664	1085	141	1275560786	1275567957
-5	-10	5	14865	664	1085	141	1275567968	1275576028
-5	-11	2	14865	664	1085	141	1275576035	1275584377
-5	-11	5	14865	664	1085	141	1275584384	1275592608
-2	-11	4	14865	664	1085	141	1275592620	1275598706
-2	-11	4	14865	664	1085	141	1275598713	1275605702
-4	-12	5	14865	664	1085	141	1275605709	1275614251
-3	-12	1	14865	664	1085	141	1275614258	1275622050
-3	-10	1	14865	664	1085	141	1275622058	1275629239
-3	-10	1	14865	664	1085	141	1275629246	1275636755
-6	-12	0	14865	664	1085	141	1275636762	1275645496
-3	-11	0	14865	664	1085	141	1275645503	1275651733
-3	-11	0	14865	664	1085	141	1275651744	1275658854
-3	-11	0	14865	664	1085	141	1275658861	1275666617
-5	-12	1	14865	664	1085	141	1275666632	1275675113
-5	-9	0	14865	664	1085	141	1275675120	1275683713
-4	-10	3	14865	664	1085	141	1275683720	1275690881
-4	-12	1	14865	664	1085	141	1275690892	1275697914
-4	-12	1	14865	664	1085	141	1275697921	1275704746
-3	-11	1	14865	664	1085	141	1275704753	1275712930
-3	-13	4	14865	664	1085	141	1275712938	1275720307
-4	-11	2	14865	664	1085	141	1275720314	1275727546
-4	-11	2	14865	664	1085	141	1275727553	1275736084
-3	-11	0	14865	664	1085	141	1275736092	1275744993
-2	-11	5	14865	664	1085	141	1275745008	1275750646
-2	-11	5	14865	664	1085	141	1275750653	1275756981
-2	-12	0	14865	664	1085	141	1275756989	1275765640
-5	-11	0	14865	664	1085	141	1275765655	1275774117
-5	-10	1	14865	664	1085	141	1275774124	1275781475
-3	-11	5	14865	664	1085	141	1275781482	1275788418
-3	-11	5	14865	664	1085	141	1275788425	1275796841
-3	-10	4	14865	664	1085	141	1275796848	1275803806
-5	-11	3	14865	664	1085	141	1275803813	1275811098
-2	-11	2	14865	664	1085	141	1275811105	1275817972
-2	-11	2	14865	664	1085	141	1275817983	1275826441
-2	-11	1	14865	664	1085	141	1275826448	1275834974
-6	-12	6	14865	664	1085	141	1275834982	1275843443
-4	-12	2	14865	664	1085	141	1275843458	1275849509
-4	-12	2	14865	664	1085	141	1275849516	1275856052
-5	-12	4	14865	664	1085	141	1275856060	1275864614
-3	-10	0	14865	664	1085	141	1275864629	1275872603
-3	-13	1	14865	664	1085	141	1275872610	1275879759
-3	-13	1	14865	664	1085	141	1275879766	1275887483
-4	-12	3	14865	664	1085	141	1275887490	1275896098
-4	-10	1	14865	664	1085	141	1275896105	1275902359
-3	-12	2	14865	664	1085	141	1275902366	1275909725
-3	-12	2	14865	664	1085	141	1275909733	1275917524
-2	-11	4	14865	664	1085	141	1275917535	1275926072
-3	-11	0	14865	664	1085	141	1275926079	1275934551
-5	-12	0	14865	664	1085	141	1275934558	1275941908
-5	-11	7	14865	664	1085	141	1275941919	1275948788
-5	-11	7	14865	664	1085	141	1275948795	1275955468
-3	-13	5	14865	664	1085	141	1275955475	1275963691
-3	-11	2	14865	664	1085	141	1275963698	1275970799
-4	-12	1	14865	664	1085	141	1275970806	1275977946
-4	-12	1	14865	664	1085	141	1275977953	1275986536
-2	-11	0	14865	664	1085	141	1275986544	1275995127
-5	-11	3	14865	664	1085	141	1275995138	1276000769
-5	-11	3	14865	664	1085	141	1276000776	1276007638
-5	-12	5	14865	664	1085	141	1276007645	1276016251
-5	-12	8	14865	664	1085	141	1276016262	1276024795
-3	-11	0	14865	664	1085	141	1276024802	1276032150
-2	-11	2	14865	664	1085	141	1276032157	1276039207
-2	-11	2	14865	664	1085	141	1276039214	1276047559
-2	-12	3	14865	664	1085	141	1276047567	1276054559
-3	-12	4	14865	664	1085	141	1276054570	1276061621
-3	-10	3	14865	664	1085	141	1276061629	1276068624
-3	-10	3	14865	664	1085	141	1276068635	1276077115
-4	-10	5	14865	664	1085	141	1276077122	1276085665
-3	-10	5	14865	664	1085	141	1276085673	1276093861
-4	-13	1	14865	664	1085	141	1276093872	1276099927
-4	-13	1	14865	664	1085	141	1276099934	1276106785
-3	-11	3	14865	664	1085	141	1276106792	1276115261
-4	-12	5	14865	664	1085	141	1276115272	1276123093
-3	-11	1	14865	664	1085	141	1276123104	1276130189
-3	-11	1	14865	664	1085	141	1276130196	1276137948
-4	-12	1	14865	664	1085	141	1276137955	1276146404
-5	-13	2	14865	664	1085	141	1276146412	1276152367
-3	-11	3	14865	664	1085	141	1276152378	1276158742
-3	-11	3	14865	664	1085	141	1276158749	1276167211
-3	-10	5	14865	664	1085	141	1276167226	1276175832
-4	-10	0	14865	664	1085	141	1276175840	1276183698
-7	-11	3	14865	664	1085	141	1276183705	1276190862
-7	-11	3	14865	664	1085	141	1276190874	1276198439
-3	-11	2	14865	664	1085	141	1276198446	1276205192
-5	-13	5	14865	664	1085	141	1276205199	1276212553
-3	-11	3	14865	664	1085	141	1276212560	1276219760
-3	-11	3	14865	664	1085	141	1276219767	1276227894
-3	-11	-1	14865	664	1085	141	1276227901	1276236390
-5	-12	5	14865	664	1085	141	1276236397	1276245119
-4	-12	2	14865	664	1085	141	1276245131	1276250764
-4	-12	2	14865	664	1085	141	1276250771	1276257332
-4	-11	5	14865	664	1085	141	1276257339	1276265971
-4	-13	6	14865	664	1085	141	1276265986	1276274043
-4	-12	3	14865	664	1085	141	1276274050	1276281042
-4	-12	3	14865	664	1085	141	1276281050	1276288599
-5	-12	3	14865	664	1085	141	1276288606	1276297170
-5	-12	0	14865	664	1085	141	1276297177	1276303308
-3	-13	3	14865	664	1085	141	1276303315	1276310489
-3	-13	3	14865	664	1085	141	1276310496	1276318396
-3	-13	1	14865	664	1085	141	1276318403	1276326887
-2	-11	4	14865	664	1085	141	1276326894	1276335404
-5	-9	5	14865	664	1085	141	1276335411	1276342554
-3	-9	2	14865	664	1085	141	1276342565	1276349542
-3	-9	2	14865	664	1085	141	1276349549	1276356323
-3	-11	4	14865	664	1085	141	1276356334	1276364477
-5	-11	6	14865	664	1085	141	1276364492	1276371403
-5	-11	6	14865	664	1085	141	1276371410	1276378788
-3	-11	-5	14865	664	1085	141	1276378795	1276387254
-5	-12	3	14865	664	1085	141	1276387261	1276396088
-4	-11	3	14865	664	1085	141	1276396095	1276401726
-4	-11	3	14865	664	1085	141	1276401733	1276408646
-5	-11	1	14865	664	1085	141	1276408654	1276417132
-4	-12	5	14865	664	1085	141	1276417143	1276425647
-4	-10	1	14865	664	1085	141	1276425658	1276432969
-3	-12	2	14865	664	1085	141	1276432976	1276440129
-3	-12	2	14865	664	1085	141	1276440140	1276448516
-4	-12	2	14865	664	1085	141	1276448524	1276455179
-3	-8	5	14865	664	1085	141	1276455187	1276462782
-3	-12	1	14865	664	1085	141	1276462793	1276469609
-3	-12	1	14865	664	1085	141	1276469621	1276478081
-6	-10	6	14865	664	1085	141	1276478088	1276486589
-3	-10	2	14865	664	1085	141	1276486596	1276494629
-3	-10	4	14865	664	1085	141	1276494640	1276500906
-3	-10	4	14865	664	1085	141	1276500913	1276508003
-3	-12	4	14865	664	1085	141	1276508010	1276516428
-5	-12	4	14865	664	1085	141	1276516439	1276524207
-4	-13	-1	14865	664	1085	141	1276524219	1276531402
-4	-13	-1	14865	664	1085	141	1276531410	1276539066
-3	-9	1	14865	664	1085	141	1276539073	1276547496
-4	-11	4	14865	664	1085	141	1276547503	1276553134
-4	-9	0	14865	664	1085	141	1276553141	1276559748
-4	-9	0	14865	664	1085	141	1276559755	1276568215
-3	-11	5	14865	664	1085	141	1276568226	1276576489
-4	-11	4	14865	664	1085	141	1276576496	1276584128
-3	-12	2	14865	664	1085	141	1276584135	1276591323
-3	-12	2	14865	664	1085	141	1276591334	1276599325
-3	-11	3	14865	664	1085	141	1276599332	1276606182
-3	-12	1	14865	664	1085	141	1276606189	1276613489
-3	-12	2	14865	664	1085	141	1276613496	1276620553
-3	-12	2	14865	664	1085	141	1276620560	1276628867
-4	-11	1	14865	664	1085	141	1276628874	1276637315
-4	-10	3	14865	664	1085	141	1276637322	1276645471
-5	-12	5	14865	664	1085	141	1276645479	1276651590
-5	-12	5	14865	664	1085	141	1276651598	1276658318
-3	-11	4	14865	664	1085	141	1276658325	1276666771
-4	-11	1	14865	664	1085	141	1276666782	1276674681
-4	-11	1	14865	664	1085	141	1276674698	1276682282
-3	-11	1	14865	664	1085	141	1276682293	1276689910
-3	-11	1	14865	664	1085	141	1276689921	1276698710
-6	-10	5	14865	664	1085	141	1276698717	1276705351
-3	-11	0	14865	664	1085	141	1276705358	1276712358
-3	-11	0	14865	664	1085	141	1276712365	1276719650
-4	-11	3	14865	664	1085	141	1276719658	1276728165
-4	-12	4	14865	664	1085	141	1276728172	1276736709
-4	-12	1	14865	664	1085	141	1276736716	1276744106
-4	-11	0	14865	664	1085	141	1276744113	1276751005
-4	-11	0	14865	664	1085	141	1276751012	1276757325
-4	-11	4	14865	664	1085	141	1276757333	1276765848
-4	-13	3	14865	664	1085	141	1276765871	1276773458
-6	-12	5	14865	664	1085	141	1276773469	1276780457
-6	-12	5	14865	664	1085	141	1276780464	1276788776
-5	-12	3	14865	664	1085	141	1276788787	1276797344
-5	-13	5	14865	664	1085	141	1276797351	1276802982
-5	-13	5	14865	664	1085	141	1276802989	1276809955
-5	-12	2	14865	664	1085	141	1276809962	1276818485
-4	-11	1	14865	664	1085	141	1276818492	1276826965
-5	-12	1	14865	664	1085	141	1276826976	1276834347
-3	-11	0	14865	664	1085	141	1276834354	1276841518
-3	-11	0	14865	664	1085	141	1276841529	1276849738
-3	-13	3	14865	664	1085	141	1276849745	1276856369
-5	-11	3	14865	664	1085	141	1276856376	1276863600
-3	-10	1	14865	664	1085	141	1276863612	1276870818
-3	-10	1	14865	664	1085	141	1276870829	1276879293
-3	-12	3	14865	664	1085	141	1276879300	1276887698
-4	-12	3	14865	664	1085	141	1276887706	1276895719
-4	-12	0	14865	664	1085	141	1276895726	1276901989
-4	-12	0	14865	664	1085	141	1276901996	1276909085
-4	-13	2	14865	664	1085	141	1276909092	1276917487
-4	-13	1	14865	664	1085	141	1276917498	1276925126
-4	-11	0	14865	664	1085	141	1276925138	1276932479
-4	-11	0	14865	664	1085	141	1276932486	1276940241
-3	-11	3	14865	664	1085	141	1276940252	1276948709
-4	-11	4	14865	664	1085	141	1276948716	1276954348
-3	-10	2	14865	664	1085	141	1276954355	1276961000
-3	-10	2	14865	664	1085	141	1276961007	1276969793
-3	-10	1	14865	664	1085	141	1276969804	1276978327
-4	-12	0	14865	664	1085	141	1276978335	1276986374
-4	-10	2	14865	664	1085	141	1276986382	1276993541
-6	-11	2	14865	664	1085	141	1276993548	1277000958
-6	-11	2	14865	664	1085	141	1277000966	1277007818
-5	-10	3	14865	664	1085	141	1277007825	1277015438
-3	-9	0	14865	664	1085	141	1277015449	1277022573
-3	-9	0	14865	664	1085	141	1277022580	1277030355
-4	-12	0	14865	664	1085	141	1277030362	1277038932
-4	-11	6	14865	664	1085	141	1277038947	1277047530
-4	-11	4	14865	664	1085	141	1277047538	1277053169
-4	-11	4	14865	664	1085	141	1277053176	1277059881
-3	-11	2	14865	664	1085	141	1277059888	1277068500
-4	-14	4	14865	664	1085	141	1277068511	1277077047
-3	-12	2	14865	664	1085	141	1277077059	1277084172
-5	-12	2	14865	664	1085	141	1277084179	1277091417
-5	-12	2	14865	664	1085	141	1277091424	1277100023
-3	-9	-1	14865	664	1085	141	1277100030	1277107074
-5	-11	6	14865	664	1085	141	1277107081	1277114213
-3	-12	1	14865	664	1085	141	1277114224	1277121343
-3	-12	1	14865	664	1085	141	1277121351	1277129932
-2	-11	0	14865	664	1085	141	1277129939	1277138405
-2	-12	1	14865	664	1085	141	1277138416	1277146341
-4	-12	5	14865	664	1085	141	1277146348	1277152809
-4	-12	5	14865	664	1085	141	1277152817	1277159425
-4	-13	5	14865	664	1085	141	1277159432	1277167844
-4	-12	3	14865	664	1085	141	1277167859	1277175430
-3	-11	1	14865	664	1085	141	1277175441	1277182208
-3	-11	1	14865	664	1085	141	1277182215	1277190575
-6	-11	4	14865	664	1085	141	1277190586	1277199014
-6	-9	2	14865	664	1085	141	1277199021	1277204655
-5	-10	4	14865	664	1085	141	1277204662	1277211530
-5	-10	4	14865	664	1085	141	1277211537	1277219993
-5	-11	5	14865	664	1085	141	1277220000	1277228448
-6	-10	4	14865	664	1085	141	1277228459	1277236139
-3	-11	2	14865	664	1085	141	1277236146	1277243499
-3	-11	2	14865	664	1085	141	1277243507	1277251394
-3	-10	0	14865	664	1085	141	1277251401	1277257885
-3	-12	3	14865	664	1085	141	1277257892	1277265215
-4	-11	4	14865	664	1085	141	1277265231	1277272217
-4	-11	4	14865	664	1085	141	1277272224	1277280550
-6	-14	4	14865	664	1085	141	1277280557	1277289196
-4	-13	4	14865	664	1085	141	1277289207	1277297426
-4	-10	4	14865	664	1085	141	1277297433	1277303519
-4	-10	4	14865	664	1085	141	1277303526	1277310588
-5	-12	3	14865	664	1085	141	1277310595	1277318952
-4	-12	3	14865	664	1085	141	1277318959	1277326953
-2	-11	-3	14865	664	1085	141	1277326961	1277334063
-2	-11	-3	14865	664	1085	141	1277334070	1277341520
-5	-9	0	14865	664	1085	141	1277341528	1277350112
-4	-12	4	14865	664	1085	141	1277350119	1277355780
-4	-10	2	14865	664	1085	141	1277355788	1277362629
-4	-10	2	14865	664	1085	141	1277362636	1277370937
-3	-11	1	14865	664	1085	141	1277370945	1277379699
-3	-12	-2	14865	664	1085	141	1277379711	1277388120
-3	-12	0	14865	664	1085	141	1277388128	1277395233
-5	-10	5	14865	664	1085	141	1277395240	1277402422
-5	-10	5	14865	664	1085	141	1277402429	1277409341
-6	-11	2	14865	664	1085	141	1277409349	1277417543
-5	-11	1	14865	664	1085	141	1277417554	1277424278
-5	-11	1	14865	664	1085	141	1277424285	1277431771
-3	-11	3	14865	664	1085	141	1277431783	1277440384
-4	-12	1	14865	664	1085	141	1277440395	1277449166
-3	-11	3	14865	664	1085	141	1277449174	1277454805
-3	-11	3	14865	664	1085	141	1277454812	1277461493
-4	-12	4	14865	664	1085	141	1277461500	1277469983
-4	-12	2	14865	664	1085	141	1277469994	1277478525
-3	-12	2	14865	664	1085	141	1277478533	1277485882
-3	-12	2	14865	664	1085	141	1277485894	1277493070
-3	-12	2	14865	664	1085	141	1277493077	1277501464
-5	-11	5	14865	664	1085	141	1277501471	1277508557
-3	-10	5	14865	664	1085	141	1277508564	1277515642
-6	-11	5	14865	664	1085	141	1277515653	1277522679
-6	-11	5	14865	664	1085	141	1277522687	1277531241
-4	-13	4	14865	664	1085	141	1277531252	1277539770
-3	-11	0	14865	664	1085	141	1277539781	1277548000
-6	-12	3	14865	664	1085	141	1277548007	1277554115
-6	-12	3	14865	664	1085	141	1277554122	1277560907
-3	-10	2	14865	664	1085	141	1277560914	1277569371
-3	-10	3	14865	664	1085	141	1277569383	1277577120
-4	-11	1	14865	664	1085	141	1277577128	1277584570
-4	-11	1	14865	664	1085	141	1277584582	1277592134
-4	-11	4	14865	664	1085	141	1277592142	1277600907
-3	-11	2	14865	664	1085	141	1277600915	1277607091
-3	-11	1	14865	664	1085	141	1277607098	1277614244
-3	-11	1	14865	664	1085	141	1277614255	1277621922
-3	-12	2	14865	664	1085	141	1277621929	1277630373
-5	-9	1	14865	664	1085	141	1277630380	1277638938
-3	-10	3	14865	664	1085	141	1277638949	1277646013
-3	-10	-2	14865	664	1085	141	1277646020	1277653227
-3	-10	-2	14865	664	1085	141	1277653235	1277659536
-4	-10	3	14865	664	1085	141	1277659543	1277667301
-4	-12	3	14865	664	1085	141	1277667316	1277674620
-4	-12	3	14865	664	1085	141	1277674627	1277682344
-4	-12	4	14865	664	1085	141	1277682351	1277691040
-6	-10	2	14865	664	1085	141	1277691051	1277699937
-4	-12	4	14865	664	1085	141	1277699949	1277705579
-4	-12	4	14865	664	1085	141	1277705586	1277712444
-2	-11	5	14865	664	1085	141	1277712451	1277721007
-3	-12	0	14865	664	1085	141	1277721014	1277729519
-4	-12	4	14865	664	1085	141	1277729526	1277737235
-5	-10	3	14865	664	1085	141	1277737243	1277744551
-5	-10	3	14865	664	1085	141	1277744558	1277752557
-3	-12	1	14865	664	1085	141	1277752564	1277758848
-5	-11	3	14865	664	1085	141	1277758855	1277766265
SUCCESSFUL.
/>
