2	6	-5	15681	632	-1054	233	405107778	405116803
3	3	-7	15681	632	-1054	233	405116822	405125313
4	5	-10	15681	632	-1054	233	405125320	405133434
3	6	-9	15681	632	-1054	233	405133441	405140310
3	6	-9	15681	632	-1054	233	405140318	405147794
4	4	-8	15681	632	-1054	233	405147802	405154724
1	4	-9	15681	632	-1054	233	405154731	405163691
1	4	-6	15681	632	-1054	233	405163702	405171007
4	5	-12	15681	632	-1054	233	405171018	405178203
4	5	-12	15681	632	-1054	233	405178211	405186651
3	4	-8	15681	632	-1054	233	405186658	405195091
5	5	-7	15681	632	-1054	233	405195102	405200736
5	5	-7	15681	632	-1054	233	405200743	405207499
4	5	-6	15681	632	-1054	233	405207506	405215952
3	6	-8	15681	632	-1054	233	405215960	405225052
3	4	-10	15681	632	-1054	233	405225063	405232589
2	5	-10	15681	632	-1054	233	405232596	405239872
2	5	-10	15681	632	-1054	233	405239879	405248301
4	5	-9	15681	632	-1054	233	405248313	405255187
3	3	-7	15681	632	-1054	233	405255194	405262993
4	4	-13	15681	632	-1054	233	405263000	405270489
4	4	-13	15681	632	-1054	233	405270504	405277995
6	5	-9	15681	632	-1054	233	405278003	405286525
3	4	-6	15681	632	-1054	233	405286537	405295283
5	5	-8	15681	632	-1054	233	405295294	405300928
5	5	-8	15681	632	-1054	233	405300935	405307664
3	4	-7	15681	632	-1054	233	405307671	405316083
4	6	-6	15681	632	-1054	233	405316090	405324584
3	4	-9	15681	632	-1054	233	405324591	405331678
2	5	-9	15681	632	-1054	233	405331685	405338856
2	5	-9	15681	632	-1054	233	405338863	405347493
3	7	-10	15681	632	-1054	233	405347500	405354762
2	4	-7	15681	632	-1054	233	405354773	405362054
4	5	-8	15681	632	-1054	233	405362061	405368827
4	5	-8	15681	632	-1054	233	405368838	405377347
5	5	-10	15681	632	-1054	233	405377355	405385907
4	3	-11	15681	632	-1054	233	405385918	405393856
5	6	-9	15681	632	-1054	233	405393867	405400176
5	6	-9	15681	632	-1054	233	405400183	405406870
2	5	-8	15681	632	-1054	233	405406877	405415462
3	5	-10	15681	632	-1054	233	405415470	405423554
2	4	-9	15681	632	-1054	233	405423561	405430830
2	4	-9	15681	632	-1054	233	405430837	405438474
1	4	-5	15681	632	-1054	233	405438481	405447174
3	3	-8	15681	632	-1054	233	405447185	405453597
3	3	-7	15681	632	-1054	233	405453608	405460872
3	3	-7	15681	632	-1054	233	405460880	405468592
3	4	-5	15681	632	-1054	233	405468604	405476948
4	6	-9	15681	632	-1054	233	405476956	405485528
3	4	-9	15681	632	-1054	233	405485539	405493093
3	4	-9	15681	632	-1054	233	405493108	405499790
3	4	-9	15681	632	-1054	233	405499797	405506409
4	5	-7	15681	632	-1054	233	405506417	405514749
3	7	-7	15681	632	-1054	233	405514756	405521920
4	6	-14	15681	632	-1054	233	405521928	405529140
4	6	-14	15681	632	-1054	233	405529148	405537507
2	3	-6	15681	632	-1054	233	405537515	405546113
4	6	-14	15681	632	-1054	233	405546128	405551764
4	6	-14	15714	625	-1059	118	405551771	405558536
0	7	-8	15714	625	-1059	118	405558548	405567078
3	4	-6	15714	625	-1059	118	405567085	405575625
3	5	-11	15714	625	-1059	118	405575633	405583048
2	4	-14	15714	625	-1059	118	405583055	405590467
2	4	-14	15714	625	-1059	118	405590474	405598656
4	5	-7	15714	625	-1059	118	405598664	405604296
3	4	-12	15747	617	-1064	1	405604303	405611330
3	4	-12	15747	617	-1064	1	405611337	405618914
4	6	-11	15747	617	-1064	1	405618925	405627456
6	7	-8	15747	617	-1064	1	405627464	405635958
4	5	-9	15747	617	-1064	1	405635965	405643329
4	5	-7	15747	617	-1064	1	405643348	405650038
4	5	-7	15747	617	-1064	1	405650045	405656423
5	7	-6	15775	610	-1067	157	405656434	405664391
3	5	-7	15775	610	-1067	157	405664398	405671728
3	5	-7	15775	610	-1067	157	405671735	405679024
5	6	-10	15775	610	-1067	157	405679031	405687398
5	6	-9	15775	610	-1067	157	405687409	405695821
4	5	-8	15775	610	-1067	157	405695832	405701467
4	5	-8	15796	604	-1071	76	405701474	405707461
2	6	-5	15796	604	-1071	76	405707468	405715942
3	3	-8	15796	604	-1071	76	405715949	405723313
5	3	-9	15796	604	-1071	76	405723320	405730386
5	3	-9	15796	604	-1071	76	405730393	405738595
4	5	-9	15796	604	-1071	76	405738602	405747235
5	5	-9	15796	604	-1071	76	405747242	405752874
5	5	-9	15818	599	-1074	247	405752882	405759388
3	2	-6	15818	599	-1074	247	405759400	405768104
3	3	-9	15818	599	-1074	247	405768123	405776564
4	6	-10	15818	599	-1074	247	405776571	405784217
2	6	-5	15818	599	-1074	247	405784224	405791733
2	6	-5	15818	599	-1074	247	405791740	405799592
4	6	-10	15818	599	-1074	247	405799599	405805233
4	4	-6	15837	595	-1076	175	405805240	405812404
5	5	-6	15837	596	-1076	175	405812411	405819710
5	5	-6	15837	597	-1076	175	405819721	405828288
6	5	-7	15837	597	-1076	175	405828296	405836723
4	2	-8	15837	598	-1075	175	405836730	405844119
4	4	-6	15837	600	-1075	175	405844130	405850846
4	4	-6	15837	600	-1075	175	405850854	405856610
3	3	-7	15848	599	-1076	129	405856617	405862247
3	3	-7	15848	601	-1076	129	405862254	405868074
4	4	-6	15848	601	-1076	129	405868085	405874784
4	4	-7	15848	603	-1075	129	405874791	405882039
4	4	-7	15848	606	-1074	129	405882046	405889576
2	4	-8	15848	609	-1074	129	405889584	405898307
4	3	-3	15848	609	-1074	129	405898314	405903945
4	3	-3	15848	612	-1073	130	405903952	405909822
5	2	-5	15848	612	-1073	130	405909829	405915463
6	3	-5	15848	616	-1072	130	405915471	405921252
6	3	-5	15847	620	-1072	130	405921259	405928479
3	2	-6	15847	620	-1072	130	405928487	405936942
3	2	-7	15847	625	-1071	130	405936949	405944331
1	0	-2	15847	630	-1070	131	405944342	405951024
1	0	-2	15847	630	-1070	131	405951032	405956871
3	-1	-1	15847	636	-1070	131	405956879	405962515
3	-1	-1	15846	643	-1070	131	405962523	405968564
1	-4	0	15846	643	-1070	131	405968579	405975661
0	-5	2	15846	651	-1070	132	405975668	405982152
0	-5	2	15845	660	-1070	132	405982160	405989925
1	-10	5	15845	671	-1070	134	405989932	405998227
-2	-18	10	15845	671	-1070	134	405998234	406003867
-2	-18	10	15844	683	-1070	135	406003874	406009703
-2	-21	12	15844	683	-1070	135	406009710	406015340
-4	-21	16	15842	697	-1070	138	406015347	406021295
-4	-21	16	15841	712	-1070	143	406021302	406027776
-7	-19	17	15841	712	-1070	143	406027784	406035079
-12	-30	22	15838	729	-1069	149	406035087	406041359
-12	-30	22	15835	746	-1069	157	406041366	406049582
-15	-39	35	15835	746	-1069	157	406049593	406055224
-30	-65	44	15832	761	-1069	167	406055231	406060914
-30	-65	44	15832	761	-1069	167	406060921	406067081
-30	-59	41	15828	783	-1069	179	406067092	406073274
-31	-62	41	15823	805	-1069	193	406073281	406080462
-31	-62	41	15818	827	-1068	210	406080469	406088969
-28	-60	42	15818	827	-1068	210	406088981	406097161
-39	-57	68	15813	837	-1064	228	406097172	406102806
-39	-57	68	15807	846	-1058	250	406102814	406108687
-55	-71	72	15807	846	-1058	250	406108694	406114325
-55	-71	72	15800	871	-1058	19	406114332	406120133
-38	-53	69	15800	871	-1058	19	406120144	406127506
-9	-28	50	15792	894	-1060	44	406127513	406135136
17	10	17	15784	918	-1063	68	406135143	406142377
17	10	17	15776	941	-1069	90	406142385	406150386
18	17	5	15776	941	-1069	90	406150398	406156034
19	9	10	15769	966	-1078	110	406156041	406161867
19	9	10	15769	966	-1078	110	406161874	406167717
19	27	12	15761	992	-1090	128	406167728	406175024
25	24	9	15754	1020	-1104	144	406175032	406182322
25	24	9	15748	1050	-1121	157	406182329	406190072
11	19	17	15741	1080	-1139	168	406190083	406198687
-5	18	8	15741	1080	-1139	168	406198694	406204324
-5	18	8	15735	1110	-1157	178	406204332	406210152
5	24	9	15735	1110	-1157	178	406210159	406215794
17	61	-25	15729	1139	-1175	188	406215801	406221648
17	61	-25	15724	1169	-1193	194	406221655	406229264
38	71	-45	15724	1169	-1193	194	406229271	406237677
42	67	-46	15720	1198	-1214	195	406237684	406245346
40	53	-34	15717	1226	-1238	190	406245357	406252064
40	53	-34	15717	1226	-1238	190	406252071	406257941
37	28	-23	15716	1254	-1266	179	406257949	406263585
37	28	-23	15715	1281	-1298	163	406263592	406269417
35	33	-30	15715	1281	-1298	163	406269428	406277870
51	16	-40	15717	1307	-1333	139	406277881	406285654
47	22	-39	15721	1329	-1373	105	406285661	406293193
47	22	-39	15726	1348	-1415	64	406293204	406300857
4	0	-26	15726	1348	-1415	64	406300864	406306496
-1	-4	0	15733	1364	-1457	20	406306503	406312290
-1	-4	0	15740	1374	-1498	228	406312297	406318127
0	-6	-6	15740	1374	-1498	228	406318138	406324911
2	3	-37	15749	1382	-1538	177	406324918	406331643
2	3	-37	15758	1387	-1576	125	406331650	406339661
0	6	-14	15758	1387	-1576	125	406339668	406347887
-18	17	-3	15766	1390	-1613	76	406347902	406353542
-18	17	-3	15773	1390	-1647	33	406353549	406359355
-6	16	-7	15773	1390	-1647	33	406359362	406364992
-6	16	-7	15780	1388	-1678	250	406365000	406370807
14	16	-39	15780	1388	-1678	250	406370814	406378038
26	15	-37	15786	1384	-1709	213	406378049	406385835
3	6	-45	15791	1379	-1740	177	406385843	406393328
3	6	-45	15796	1374	-1769	143	406393340	406401032
14	15	-31	15796	1374	-1769	143	406401039	406406671
14	13	-18	15802	1368	-1796	110	406406679	406412525
14	13	-18	15807	1363	-1822	77	406412533	406418378
-3	17	-46	15807	1363	-1822	77	406418389	406425136
17	36	-89	15812	1357	-1846	46	406425143	406432325
17	36	-89	15816	1349	-1868	18	406432332	406440515
9	50	-87	15820	1341	-1890	249	406440522	406449141
17	47	-87	15820	1341	-1890	249	406449152	406454783
17	47	-87	15823	1333	-1910	226	406454790	406460614
20	59	-76	15823	1333	-1910	226	406460621	406466299
12	52	-59	15826	1324	-1930	207	406466310	406472031
12	52	-59	15828	1318	-1948	189	406472038	406479979
3	43	-55	15828	1318	-1948	189	406479987	406488459
-6	100	-108	15830	1313	-1964	175	406488466	406496316
-13	77	-76	15830	1310	-1977	167	406496328	406502797
-13	77	-76	15830	1308	-1984	163	406502804	406508687
-1	23	-18	15830	1308	-1984	163	406508694	406514324
-1	23	-18	15830	1313	-1987	160	406514332	406520077
4	29	-29	15830	1313	-1987	160	406520088	406528200
-1	15	-9	15830	1312	-1988	159	406528211	406536096
3	10	-7	15830	1312	-1988	159	406536103	406543802
3	10	-7	15830	1312	-1988	159	406543810	406551601
2	6	-11	15830	1312	-1988	159	406551609	406558526
1	10	-10	15831	1311	-1988	159	406558533	406566746
12	13	-23	15831	1310	-1988	159	406566753	406574449
-2	8	-14	15831	1308	-1988	158	406574457	406582316
-2	8	-14	15831	1306	-1987	157	406582335	406590712
4	10	-10	15832	1304	-1986	156	406590719	406599196
3	9	-11	15832	1304	-1986	156	406599203	406604834
3	9	-11	15833	1302	-1985	155	406604841	406610720
5	9	-17	15833	1302	-1985	155	406610728	406616358
4	10	-14	15833	1299	-1984	153	406616365	406622051
4	10	-14	15833	1299	-1984	153	406622058	406628785
6	9	-5	15834	1297	-1982	151	406628792	406636059
0	10	-4	15835	1294	-1980	150	406636067	406642577
0	10	-4	15836	1292	-1978	148	406642584	406650707
1	7	-10	15836	1292	-1978	148	406650714	406656617
3	9	-14	15836	1292	-1977	148	406656624	406663231
3	9	-14	15836	1292	-1976	148	406663239	406671267
5	8	-14	15836	1292	-1975	148	406671282	406679368
3	8	-11	15836	1292	-1975	148	406679375	406687698
3	8	-16	15836	1292	-1974	148	406687709	406694618
2	7	-15	15836	1292	-1973	148	406694629	406702135
2	7	-15	15836	1292	-1973	148	406702142	406708705
1	6	-3	15836	1292	-1973	148	406708712	406715769
0	10	-10	15836	1292	-1972	148	406715776	406722641
0	10	-10	15836	1292	-1972	149	406722648	406730838
0	8	-5	15836	1292	-1972	149	406730845	406739088
2	9	-7	15836	1292	-1971	150	406739095	406746165
1	10	-9	15836	1292	-1970	150	406746180	406753080
1	10	-9	15836	1292	-1970	150	406753087	406759648
-1	10	-1	15836	1292	-1970	150	406759655	406767454
2	9	-7	15836	1293	-1970	150	406767461	406773845
2	9	-7	15836	1293	-1970	150	406773852	406782026
2	11	-8	15836	1293	-1970	151	406782045	406790391
0	8	-7	15836	1293	-1970	151	406790402	406798890
1	7	-5	15836	1293	-1970	150	406798897	406804528
1	7	-5	15836	1294	-1970	150	406804535	406810927
0	6	-1	15836	1294	-1970	150	406810934	406819170
-1	5	-4	15836	1294	-1970	150	406819178	406826258
0	5	-6	15836	1294	-1970	150	406826265	406832979
0	5	-6	15836	1294	-1970	150	406832987	406841146
3	9	-11	15836	1294	-1970	150	406841153	406849493
1	11	-11	15836	1294	-1970	150	406849500	406855132
1	11	-11	15836	1295	-1970	150	406855140	406861670
1	8	-9	15836	1295	-1970	150	406861677	406870139
0	9	-6	15836	1295	-1970	150	406870154	406878005
1	6	-5	15836	1295	-1970	150	406878012	406884410
1	6	-5	15836	1295	-1970	150	406884417	406892311
2	7	-9	15836	1295	-1970	150	406892322	406900680
3	6	-7	15836	1295	-1970	150	406900687	406906325
1	7	-8	15836	1296	-1970	150	406906333	406912615
1	7	-8	15836	1296	-1970	150	406912622	406920831
1	9	-7	15836	1296	-1970	150	406920842	406928962
2	9	-11	15836	1296	-1970	150	406928969	406935889
2	7	-10	15836	1296	-1970	150	406935896	406942932
2	7	-10	15836	1296	-1970	150	406942940	406951343
1	8	-10	15836	1296	-1970	150	406951351	406957498
0	9	-7	15836	1297	-1970	150	406957505	406964208
0	9	-7	15836	1297	-1971	150	406964216	406972124
2	5	-4	15836	1297	-1971	150	406972139	406980249
1	7	-10	15836	1297	-1971	150	406980256	406987673
1	8	-11	15836	1297	-1971	150	406987680	406994413
1	8	-11	15836	1297	-1971	150	406994425	407002438
0	7	-6	15836	1297	-1971	150	407002446	407008962
1	6	-5	15836	1298	-1971	150	407008970	407015605
1	8	-13	15836	1298	-1971	150	407015612	407022966
1	8	-13	15836	1298	-1971	150	407022973	407031152
0	6	-7	15836	1298	-1971	150	407031159	407039236
1	6	-8	15836	1298	-1971	150	407039243	407046167
-1	8	-12	15836	1298	-1971	150	407046178	407053358
-1	8	-12	15836	1298	-1971	150	407053365	407059930
1	8	-10	15836	1298	-1971	150	407059937	407067209
3	7	-13	15836	1299	-1971	150	407067216	407073733
3	7	-13	15836	1299	-1971	150	407073740	407081903
1	8	-10	15836	1299	-1971	150	407081910	407090485
0	6	-11	15836	1299	-1971	150	407090496	407098194
2	7	-6	15836	1299	-1971	150	407098205	407104621
2	7	-6	15836	1299	-1971	150	407104628	407110789
0	5	-8	15836	1299	-1971	150	407110797	407118792
-1	5	-8	15836	1300	-1971	150	407118800	407125561
-1	5	-8	15836	1300	-1971	150	407125568	407132849
1	6	-10	15836	1300	-1971	150	407132856	407140975
0	3	-8	15836	1300	-1971	150	407140982	407149006
-1	7	-5	15836	1300	-1971	150	407149014	407155094
-1	7	-5	15836	1300	-1971	150	407155102	407161671
1	6	-8	15836	1300	-1971	150	407161678	407169912
1	4	-6	15836	1300	-1971	150	407169927	407176993
1	6	-11	15836	1300	-1971	150	407177000	407183795
1	6	-11	15836	1300	-1971	150	407183802	407191814
1	5	-9	15836	1301	-1971	150	407191821	407200648
0	7	-10	15836	1301	-1971	150	407200660	407206290
0	7	-10	15836	1301	-1971	150	407206297	407212731
0	5	-9	15836	1301	-1971	150	407212738	407221040
1	9	-7	15836	1301	-1971	150	407221052	407228699
0	8	-8	15836	1301	-1971	150	407228706	407235276
0	8	-8	15835	1301	-1971	149	407235283	407242945
2	8	-9	15835	1301	-1971	149	407242953	407251301
0	6	-8	15835	1301	-1971	149	407251308	407256940
-1	7	-10	15835	1302	-1971	149	407256947	407263662
-1	7	-10	15835	1302	-1971	149	407263669	407271846
0	6	-7	15835	1302	-1971	149	407271861	407280037
0	6	-12	15835	1302	-1971	149	407280044	407287091
0	7	-13	15835	1302	-1971	149	407287098	407293956
0	7	-13	15835	1302	-1972	149	407293967	407302224
0	8	-8	15835	1302	-1972	149	407302232	407307868
1	8	-11	15835	1303	-1972	149	407307876	407314336
1	8	-11	15835	1303	-1972	149	407314343	407322454
0	7	-10	15835	1303	-1972	149	407322465	407330808
1	7	-7	15835	1303	-1972	149	407330815	407338040
0	6	-7	15835	1303	-1972	149	407338048	407344835
0	6	-7	15835	1303	-1972	149	407344847	407353101
0	7	-9	15835	1303	-1972	149	407353109	407359496
0	7	-5	15835	1303	-1972	149	407359503	407366008
0	7	-5	15835	1304	-1972	149	407366015	407373470
1	8	-7	15835	1304	-1972	149	407373478	407381620
-2	5	-12	15835	1304	-1972	149	407381627	407389623
0	8	-9	15835	1304	-1972	149	407389630	407396533
0	6	-10	15835	1304	-1972	149	407396544	407404116
0	6	-10	15835	1304	-1972	149	407404127	407410636
1	8	-9	15835	1304	-1972	149	407410643	407417774
1	8	-11	15835	1305	-1972	149	407417781	407424481
1	8	-11	15835	1305	-1972	149	407424488	407432647
0	6	-12	15835	1305	-1972	149	407432654	407440853
0	8	-7	15835	1305	-1972	149	407440860	407448153
-2	6	-6	15835	1305	-1972	149	407448160	407454817
-2	6	-6	15835	1305	-1972	149	407454824	407461579
0	5	-11	15835	1305	-1972	149	407461587	407469083
1	9	-10	15835	1306	-1972	149	407469098	407475937
1	9	-10	15835	1306	-1972	149	407475944	407483551
0	8	-12	15835	1306	-1972	149	407483558	407491652
1	7	-8	15835	1306	-1972	149	407491659	407499894
-1	5	-8	15835	1306	-1972	149	407499906	407505933
-1	5	-8	15835	1306	-1972	149	407505940	407512421
0	9	-7	15835	1306	-1972	149	407512429	407520728
0	5	-10	15835	1306	-1972	149	407520739	407527771
0	6	-7	15835	1307	-1972	149	407527778	407534520
0	6	-7	15835	1307	-1972	149	407534527	407542789
-2	6	-9	15835	1307	-1972	149	407542796	407551233
2	5	-8	15835	1307	-1972	149	407551240	407556870
2	5	-8	15835	1307	-1972	149	407556878	407563641
0	6	-8	15835	1307	-1972	149	407563649	407571861
2	6	-9	15835	1307	-1972	149	407571877	407579403
1	7	-11	15835	1307	-1972	149	407579410	407586393
1	7	-11	15835	1307	-1972	149	407586401	407594112
-1	5	-8	15835	1307	-1972	149	407594123	407602506
-1	7	-3	15835	1307	-1972	149	407602514	407608144
-1	5	-7	15835	1307	-1972	149	407608151	407614426
-1	5	-7	15835	1307	-1972	149	407614433	407622923
1	7	-8	15835	1307	-1972	149	407622934	407631323
0	7	-10	15835	1307	-1972	149	407631330	407638679
2	7	-6	15835	1307	-1972	149	407638686	407645222
2	7	-6	15835	1307	-1972	149	407645234	407653628
2	7	-7	15835	1307	-1972	149	407653635	407660251
0	8	-7	15835	1307	-1972	149	407660258	407667098
0	8	-7	15835	1307	-1972	149	407667106	407674323
1	7	-9	15835	1307	-1972	149	407674330	407682636
0	7	-10	15835	1307	-1972	149	407682643	407691040
0	6	-11	15835	1307	-1972	149	407691047	407698252
1	7	-9	15835	1307	-1972	149	407698259	407705631
1	7	-9	15835	1307	-1972	149	407705642	407712054
-1	8	-4	15835	1307	-1972	149	407712061	407720133
-1	6	-10	15835	1307	-1972	149	407720144	407726771
-1	6	-10	15835	1307	-1972	149	407726778	407734391
-1	6	-8	15835	1307	-1972	149	407734398	407742633
0	5	-4	15835	1307	-1972	149	407742640	407751176
3	5	-11	15835	1307	-1972	149	407751183	407756814
3	5	-11	15835	1307	-1972	149	407756821	407763668
1	7	-9	15835	1307	-1972	149	407763676	407771992
1	8	-9	15835	1307	-1972	149	407772007	407779535
-3	7	-6	15835	1307	-1972	149	407779542	407786385
-3	7	-6	15835	1307	-1972	149	407786392	407794270
1	7	-10	15835	1307	-1972	149	407794282	407802749
1	5	-10	15835	1307	-1972	149	407802760	407808697
0	7	-10	15835	1307	-1972	149	407808708	407815118
0	7	-10	15835	1307	-1972	149	407815126	407823508
-1	7	-7	15835	1307	-1972	149	407823516	407831900
1	8	-8	15835	1307	-1972	149	407831907	407839286
-1	5	-5	15835	1307	-1972	149	407839293	407846379
-1	5	-5	15835	1307	-1972	149	407846394	407854462
0	7	-12	15835	1307	-1972	149	407854469	407861313
1	6	-7	15835	1307	-1972	149	407861321	407868357
0	7	-5	15835	1307	-1972	149	407868365	407875346
0	7	-5	15835	1307	-1972	149	407875354	407883596
0	6	-10	15835	1307	-1972	149	407883604	407891994
0	5	-9	15835	1307	-1972	149	407892002	407899450
-1	5	-9	15835	1307	-1972	149	407899457	407906178
-1	5	-9	15835	1307	-1972	149	407906185	407912575
0	6	-4	15835	1307	-1972	149	407912582	407920872
2	4	-15	15835	1307	-1972	149	407920887	407927717
2	4	-15	15835	1307	-1972	149	407927724	407934992
-1	5	-12	15835	1307	-1972	149	407934999	407943291
2	7	-12	15835	1307	-1972	149	407943306	407951664
2	7	-7	15835	1307	-1972	149	407951671	407957302
2	7	-7	15835	1307	-1972	149	407957309	407964172
1	8	-7	15835	1307	-1972	149	407964179	407972379
-1	7	-7	15835	1307	-1972	149	407972391	407979913
3	7	-7	15835	1307	-1972	149	407979920	407986718
3	7	-7	15835	1307	-1972	149	407986725	407994689
0	7	-9	15835	1307	-1972	149	407994700	408003158
0	7	-10	15835	1307	-1972	149	408003169	408008800
0	7	-10	15835	1307	-1972	149	408008807	408015430
0	5	-7	15835	1307	-1972	149	408015441	408023695
1	6	-7	15835	1307	-1972	149	408023702	408032057
0	7	-10	15835	1307	-1972	149	408032065	408039078
0	6	-7	15835	1307	-1972	149	408039086	408046145
0	6	-7	15835	1307	-1972	149	408046161	408054688
1	5	-6	15835	1307	-1972	149	408054696	408061189
1	7	-9	15835	1307	-1972	149	408061196	408068080
1	7	-9	15835	1307	-1972	149	408068091	408075347
0	5	-8	15835	1307	-1972	149	408075354	408084153
0	4	-11	15835	1307	-1972	149	408084168	408092552
0	7	-6	15835	1307	-1972	149	408092559	408099897
0	7	-6	15835	1307	-1972	149	408099904	408106707
0	7	-6	15835	1307	-1972	149	408106714	408113150
1	5	-10	15835	1307	-1972	149	408113157	408122147
0	6	-10	15835	1307	-1972	149	408122166	408129323
0	5	-10	15835	1307	-1972	149	408129330	408136144
0	5	-10	15835	1307	-1972	149	408136151	408144567
0	7	-9	15835	1307	-1972	149	408144582	408152965
0	6	-9	15835	1307	-1972	149	408152972	408158602
0	6	-9	15835	1307	-1972	149	408158609	408164980
0	7	-5	15835	1307	-1972	149	408164987	408173358
0	7	-11	15835	1307	-1972	149	408173370	408181399
0	7	-13	15835	1307	-1972	149	408181406	408188050
0	7	-13	15835	1307	-1972	149	408188057	408195638
0	8	-10	15835	1307	-1972	149	408195649	408204159
1	7	-7	15835	1307	-1972	149	408204170	408209801
-2	6	-11	15835	1307	-1972	149	408209808	408216508
-2	6	-11	15835	1307	-1972	149	408216519	408224881
-1	4	-8	15835	1307	-1972	149	408224888	408233140
0	6	-9	15835	1307	-1972	149	408233147	408240654
0	6	-10	15835	1307	-1972	149	408240661	408247709
0	6	-10	15835	1307	-1972	149	408247720	408255695
-1	8	-7	15835	1307	-1972	149	408255703	408262428
0	6	-7	15835	1307	-1972	149	408262435	408269285
0	4	-10	15835	1307	-1972	149	408269292	408276290
0	4	-10	15835	1307	-1972	149	408276298	408284590
1	5	-10	15835	1307	-1972	149	408284597	408293061
-1	7	-9	15835	1307	-1972	149	408293068	408300401
0	6	-7	15835	1307	-1972	149	408300409	408307155
0	6	-7	15835	1307	-1972	149	408307162	408313404
0	7	-12	15835	1307	-1972	149	408313412	408321440
0	5	-9	15835	1307	-1972	149	408321456	408328274
0	5	-9	15835	1307	-1972	149	408328281	408335944
-2	6	-8	15835	1307	-1972	149	408335951	408344140
0	7	-9	15835	1307	-1972	149	408344152	408352721
0	7	-7	15835	1307	-1972	149	408352728	408358362
0	7	-7	15835	1307	-1972	149	408358369	408365227
1	9	-8	15835	1307	-1972	149	408365234	408373552
-1	6	-6	15835	1307	-1972	149	408373568	408381108
0	7	-8	15835	1307	-1972	149	408381116	408387855
0	7	-8	15835	1307	-1972	149	408387863	408395754
0	6	-10	15835	1307	-1972	149	408395765	408404274
-1	7	-6	15835	1307	-1972	149	408404285	408409917
-1	7	-6	15835	1307	-1972	149	408409924	408416215
1	5	-10	15835	1307	-1972	149	408416222	408424702
-1	6	-7	15835	1307	-1972	149	408424713	408433043
0	6	-12	15835	1307	-1972	149	408433050	408440115
0	6	-9	15835	1307	-1972	149	408440122	408446945
0	6	-9	15835	1307	-1972	149	408446952	408455509
1	7	-7	15835	1307	-1972	149	408455516	408461895
-1	5	-5	15835	1307	-1972	149	408461903	408468767
-1	5	-5	15835	1307	-1972	149	408468782	408476422
0	5	-10	15835	1307	-1972	149	408476429	408484614
1	7	-9	15835	1307	-1972	149	408484622	408492750
0	5	-9	15835	1307	-1972	149	408492757	408499436
1	8	-11	15835	1307	-1972	149	408499443	408506953
1	8	-11	15835	1307	-1972	149	408506964	408513435
-1	6	-9	15835	1307	-1972	149	408513443	408520547
0	7	-10	15835	1307	-1972	149	408520558	408527962
0	7	-10	15835	1307	-1972	149	408527973	408536054
0	7	-10	15835	1307	-1972	149	408536062	408544498
-1	7	-7	15835	1307	-1972	149	408544513	408552504
0	6	-6	15835	1307	-1972	149	408552511	408558592
0	6	-6	15835	1307	-1972	149	408558599	408565453
0	6	-5	15835	1307	-1972	149	408565461	408573863
2	6	-8	15835	1307	-1972	149	408573874	408581245
0	5	-10	15835	1307	-1972	149	408581252	408588095
0	5	-10	15835	1307	-1972	149	408588102	408596190
-1	7	-7	15835	1307	-1972	149	408596201	408604673
0	7	-8	15835	1307	-1972	149	408604680	408610318
0	7	-8	15835	1307	-1972	149	408610326	408616801
1	6	-8	15835	1307	-1972	149	408616808	408625074
0	6	-6	15835	1307	-1972	149	408625082	408633825
0	8	-10	15835	1307	-1972	149	408633836	408640903
0	5	-12	15835	1307	-1972	149	408640910	408647832
0	5	-12	15835	1307	-1972	149	408647843	408656283
0	8	-10	15835	1307	-1972	149	408656290	408662051
0	7	-4	15835	1307	-1972	149	408662059	408668842
0	7	-4	15835	1307	-1972	149	408668849	408676665
1	7	-7	15835	1307	-1972	149	408676673	408684912
2	7	-14	15835	1307	-1972	149	408684919	408692893
0	7	-10	15835	1307	-1972	149	408692901	408699757
0	7	-10	15835	1307	-1972	149	408699765	408707242
1	5	-8	15835	1307	-1972	149	408707253	408713622
0	6	-8	15835	1307	-1972	149	408713629	408720621
0	8	-4	15835	1307	-1972	149	408720632	408727630
0	8	-4	15835	1307	-1972	149	408727637	408735914
0	4	-9	15835	1307	-1972	149	408735921	408744182
0	6	-9	15835	1307	-1972	149	408744194	408751581
0	6	-7	15835	1307	-1972	149	408751588	408758256
0	6	-7	15835	1307	-1972	149	408758263	408765105
3	9	-7	15835	1307	-1972	149	408765117	408773452
-1	7	-6	15835	1307	-1972	149	408773467	408780147
-1	7	-7	15835	1307	-1972	149	408780154	408787500
-1	7	-7	15835	1307	-1972	149	408787508	408795729
-2	7	-9	15835	1307	-1972	149	408795741	408804173
0	8	-10	15835	1307	-1972	149	408804181	408809881
0	8	-10	15835	1307	-1972	149	408809893	408816442
0	7	-7	15835	1307	-1972	149	408816449	408824727
2	7	-12	15835	1307	-1972	149	408824734	408832847
0	7	-8	15835	1307	-1972	149	408832858	408839753
0	7	-8	15835	1307	-1972	149	408839761	408847298
-1	4	-12	15835	1307	-1972	149	408847305	408855734
0	6	-7	15835	1307	-1972	149	408855742	408861372
1	5	-5	15835	1307	-1972	149	408861379	408868097
1	5	-5	15835	1307	-1972	149	408868112	408876271
1	7	-7	15835	1307	-1972	149	408876279	408884659
0	6	-8	15835	1307	-1972	149	408884667	408892023
0	5	-11	15835	1307	-1972	149	408892031	408898910
0	5	-11	15835	1307	-1972	149	408898917	408907210
2	5	-6	15835	1307	-1972	149	408907218	408913489
0	6	-7	15835	1307	-1972	149	408913496	408920365
0	7	-10	15835	1307	-1972	149	408920376	408927693
0	7	-10	15835	1307	-1972	149	408927700	408936164
1	7	-10	15835	1307	-1972	149	408936175	408944508
0	6	-9	15835	1307	-1972	149	408944520	408951562
0	6	-10	15835	1307	-1972	149	408951569	408958595
0	6	-10	15835	1307	-1972	149	408958602	408965383
-2	6	-7	15835	1307	-1972	149	408965390	408973449
0	6	-12	15835	1307	-1972	149	408973464	408980047
0	6	-12	15835	1307	-1972	149	408980054	408987716
-3	5	-10	15835	1307	-1972	149	408987723	408995876
-1	6	-9	15835	1307	-1972	149	408995888	409004450
0	6	-9	15835	1307	-1972	149	409004457	409010155
0	6	-9	15835	1307	-1972	149	409010166	409016646
-1	6	-5	15835	1307	-1972	149	409016653	409025022
0	6	-9	15835	1307	-1972	149	409025030	409032381
2	6	-7	15835	1307	-1972	149	409032388	409038878
2	6	-7	15835	1307	-1972	149	409038885	409047458
-3	6	-11	15835	1307	-1972	149	409047469	409055765
0	5	-6	15835	1307	-1972	149	409055772	409061403
2	9	-7	15835	1307	-1972	149	409061410	409068164
2	9	-7	15835	1307	-1972	149	409068171	409076516
2	6	-9	15835	1307	-1972	149	409076523	409084899
-1	7	-11	15835	1307	-1972	149	409084906	409091955
0	7	-9	15835	1307	-1972	149	409091963	409098751
0	7	-9	15835	1307	-1972	149	409098758	409107112
0	7	-9	15835	1307	-1972	149	409107120	409112818
0	5	-10	15835	1307	-1972	149	409112825	409119060
0	5	-10	15835	1307	-1972	149	409119071	409127364
-3	8	-5	15835	1307	-1972	149	409127371	409135670
-2	7	-9	15835	1307	-1972	149	409135678	409144073
0	5	-12	15835	1307	-1972	149	409144092	409150605
0	5	-12	15835	1307	-1972	149	409150612	409158284
-1	6	-4	15835	1307	-1972	149	409158291	409164801
0	6	-9	15835	1307	-1972	149	409164808	409171686
0	5	-8	15835	1307	-1972	149	409171697	409178800
0	5	-8	15835	1307	-1972	149	409178807	409187137
0	6	-7	15835	1307	-1972	149	409187144	409195353
0	6	-10	15835	1307	-1972	149	409195364	409202591
0	10	-7	15835	1307	-1972	149	409202598	409209575
0	10	-7	15835	1307	-1972	149	409209582	409215864
0	7	-8	15835	1307	-1972	149	409215871	409223719
-1	6	-8	15835	1307	-1972	149	409223726	409230739
-1	6	-8	15835	1307	-1972	149	409230747	409238383
0	5	-12	15835	1307	-1972	149	409238390	409246691
-2	6	-9	15835	1307	-1972	149	409246702	409255500
0	7	-7	15835	1307	-1972	149	409255511	409261143
0	7	-7	15835	1307	-1972	149	409261150	409268034
2	8	-9	15835	1307	-1972	149	409268049	409276313
0	6	-9	15835	1307	-1972	149	409276320	409284378
3	7	-8	15835	1307	-1972	149	409284385	409291214
3	7	-8	15835	1307	-1972	149	409291222	409298563
1	6	-10	15835	1307	-1972	149	409298570	409307024
0	7	-11	15835	1307	-1972	149	409307031	409312743
-2	7	-5	15835	1307	-1972	149	409312754	409319213
-2	7	-5	15835	1307	-1972	149	409319224	409327329
-1	6	-7	15835	1307	-1972	149	409327336	409335721
0	7	-7	15835	1307	-1972	149	409335728	409343472
0	6	-9	15835	1307	-1972	149	409343491	409350353
0	6	-9	15835	1307	-1972	149	409350360	409358498
-2	7	-8	15835	1307	-1972	149	409358505	409365170
1	7	-7	15835	1307	-1972	149	409365177	409372246
-1	6	-6	15835	1307	-1972	149	409372257	409379291
-1	6	-6	15835	1307	-1972	149	409379298	409387605
-1	6	-10	15835	1307	-1972	149	409387613	409395932
1	7	-11	15835	1307	-1972	149	409395944	409403346
0	5	-8	15835	1307	-1972	149	409403353	409410087
0	5	-8	15835	1307	-1972	149	409410094	409416399
-1	7	-11	15835	1307	-1972	149	409416406	409424635
-1	5	-9	15835	1307	-1972	149	409424647	409431274
-1	5	-9	15835	1307	-1972	149	409431281	409438848
0	5	-12	15835	1307	-1972	149	409438856	409447193
-1	7	-11	15835	1307	-1972	149	409447205	409455745
0	7	-8	15835	1307	-1972	149	409455752	409461900
0	7	-8	15835	1307	-1972	149	409461919	409468710
-2	6	-8	15835	1307	-1972	149	409468721	409477025
-2	5	-7	15835	1307	-1972	149	409477032	409485054
0	6	-9	15835	1307	-1972	149	409485061	409491878
0	7	-8	15835	1307	-1972	149	409491885	409499158
0	7	-8	15835	1307	-1972	149	409499165	409507719
-2	7	-5	15835	1307	-1972	149	409507726	409513427
0	8	-8	15835	1307	-1972	149	409513438	409519825
0	8	-8	15835	1307	-1972	149	409519836	409528175
0	7	-11	15835	1307	-1972	149	409528182	409536333
1	6	-9	15835	1307	-1972	149	409536340	409543743
0	4	-10	15835	1307	-1972	149	409543758	409551212
0	4	-10	15835	1307	-1972	149	409551223	409559123
-1	7	-8	15835	1307	-1972	149	409559130	409565922
0	7	-6	15835	1307	-1972	149	409565929	409573074
0	6	-9	15835	1307	-1972	149	409573082	409579857
0	6	-9	15835	1307	-1972	149	409579864	409588051
2	7	-12	15835	1307	-1972	149	409588059	409596470
-1	7	-7	15835	1307	-1972	149	409596481	409603820
0	6	-8	15835	1307	-1972	149	409603828	409610513
0	6	-8	15835	1307	-1972	149	409610521	409616876
0	7	-9	15835	1307	-1972	149	409616883	409624632
0	6	-8	15835	1307	-1972	149	409624639	409631700
0	6	-8	15835	1307	-1972	149	409631708	409639268
-1	6	-11	15835	1307	-1972	149	409639276	409647535
0	7	-10	15835	1307	-1972	149	409647550	409656195
0	6	-8	15835	1307	-1972	149	409656206	409661837
0	6	-8	15835	1307	-1972	149	409661844	409668302
0	7	-9	15835	1307	-1972	149	409668313	409676633
0	7	-9	15835	1307	-1972	149	409676640	409683998
0	6	-11	15835	1307	-1972	149	409684005	409690488
0	6	-11	15835	1307	-1972	149	409690496	409698890
0	5	-5	15835	1307	-1972	149	409698897	409707370
-1	5	-9	15835	1307	-1972	149	409707377	409713070
-1	5	-9	15835	1307	-1972	149	409713077	409719623
-1	6	-8	15835	1307	-1972	149	409719634	409727840
1	7	-12	15835	1307	-1972	149	409727847	409736184
0	6	-4	15835	1307	-1972	149	409736192	409742928
0	4	-7	15835	1307	-1972	149	409742935	409750127
0	4	-7	15835	1307	-1972	149	409750134	409758628
-1	7	-14	15835	1307	-1972	149	409758635	409764615
0	6	-10	15835	1307	-1972	149	409764623	409771627
0	6	-10	15835	1307	-1972	149	409771643	409779414
-1	8	-5	15835	1307	-1972	149	409779422	409787552
0	6	-10	15835	1307	-1972	149	409787559	409795633
-1	6	-7	15835	1307	-1972	149	409795644	409802235
-1	6	-7	15835	1307	-1972	149	409802243	409809895
0	6	-8	15835	1307	-1972	149	409809902	409816407
0	7	-10	15835	1307	-1972	149	409816418	409823580
0	7	-12	15835	1307	-1972	149	409823587	409830373
0	7	-12	15835	1307	-1972	149	409830380	409838689
-1	7	-8	15835	1307	-1972	149	409838696	409847117
0	7	-6	15835	1307	-1972	149	409847128	409854792
0	7	-7	15835	1307	-1972	149	409854803	409861410
0	7	-7	15835	1307	-1972	149	409861418	409868205
0	6	-6	15835	1307	-1972	149	409868212	409876563
0	7	-11	15835	1307	-1972	149	409876570	409883323
1	7	-13	15835	1307	-1972	149	409883331	409890532
1	7	-13	15835	1307	-1972	149	409890539	409898880
0	6	-13	15835	1307	-1972	149	409898887	409907468
1	7	-9	15835	1307	-1972	149	409907475	409913105
1	7	-9	15835	1307	-1972	149	409913112	409919605
0	7	-10	15835	1307	-1972	149	409919617	409927912
2	9	-11	15835	1307	-1972	149	409927920	409935808
0	6	-11	15835	1307	-1972	149	409935815	409942538
0	6	-11	15835	1307	-1972	149	409942546	409950179
0	6	-9	15835	1307	-1972	149	409950186	409958899
0	6	-6	15835	1307	-1972	149	409958910	409964560
1	6	-9	15835	1307	-1972	149	409964567	409971371
1	6	-9	15835	1307	-1972	149	409971386	409979507
0	7	-6	15835	1307	-1972	149	409979514	409987757
0	8	-11	15835	1307	-1972	149	409987765	409995465
0	7	-6	15835	1307	-1972	149	409995476	410002246
0	7	-6	15835	1307	-1972	149	410002254	410010100
-1	7	-11	15835	1307	-1972	149	410010107	410016530
0	6	-5	15835	1307	-1972	149	410016537	410023253
1	7	-7	15835	1307	-1972	149	410023260	410030614
1	7	-7	15835	1307	-1972	149	410030621	410038899
0	7	-8	15835	1307	-1972	149	410038907	410047289
0	6	-12	15835	1307	-1972	149	410047301	410054347
0	5	-8	15835	1307	-1972	149	410054355	410061602
0	5	-8	15835	1307	-1972	149	410061614	410068439
0	5	-8	15835	1307	-1972	149	410068451	410076380
0	6	-9	15835	1307	-1972	149	410076387	410083232
0	6	-9	15835	1307	-1972	149	410083239	410090551
0	5	-9	15835	1307	-1972	149	410090558	410098856
0	7	-11	15835	1307	-1972	149	410098863	410107344
0	6	-8	15835	1307	-1972	149	410107351	410112982
0	6	-8	15835	1307	-1972	149	410112989	410119427
0	6	-10	15835	1307	-1972	149	410119438	410127749
1	7	-8	15835	1307	-1972	149	410127757	410135093
0	5	-7	15835	1307	-1972	149	410135100	410141640
0	5	-7	15835	1307	-1972	149	410141647	410150392
1	7	-9	15835	1307	-1972	149	410150407	410158939
0	6	-6	15835	1307	-1972	149	410158946	410165091
0	5	-8	15835	1307	-1972	149	410165103	410171744
0	5	-8	15835	1307	-1972	149	410171755	410180075
0	7	-6	15835	1307	-1972	149	410180082	410188378
4	6	-7	15835	1307	-1972	149	410188386	410196214
0	6	-11	15835	1307	-1972	149	410196225	410203227
0	6	-11	15835	1307	-1972	149	410203234	410211087
0	7	-8	15835	1307	-1972	149	410211095	410217491
0	7	-8	15835	1307	-1972	149	410217498	410224615
0	8	-8	15835	1307	-1972	149	410224622	410231395
0	8	-8	15835	1307	-1972	149	410231403	410239814
-1	6	-9	15835	1307	-1972	149	410239822	410248144
0	6	-10	15835	1307	-1972	149	410248155	410255550
0	7	-10	15835	1307	-1972	149	410255557	410262215
0	7	-10	15835	1307	-1972	149	410262223	410269110
-1	5	-10	15835	1307	-1972	149	410269125	410277254
0	7	-8	15835	1307	-1972	149	410277261	410283972
-1	5	-6	15835	1307	-1972	149	410283979	410291285
-1	5	-6	15835	1307	-1972	149	410291292	410299580
0	6	-8	15835	1307	-1972	149	410299587	410308068
0	7	-9	15835	1307	-1972	149	410308075	410313706
0	7	-9	15835	1307	-1972	149	410313713	410320358
0	4	-8	15835	1307	-1972	149	410320369	410328574
2	6	-12	15835	1307	-1972	149	410328581	410336121
0	6	-8	15835	1307	-1972	149	410336129	410342911
0	6	-8	15835	1307	-1972	149	410342918	410350846
-3	7	-6	15835	1307	-1972	149	410350853	410359173
1	7	-9	15835	1307	-1972	149	410359180	410364810
-1	7	-7	15835	1307	-1972	149	410364817	410371640
-1	7	-7	15835	1307	-1972	149	410371655	410380097
-2	4	-9	15835	1307	-1972	149	410380105	410388431
-2	7	-10	15835	1307	-1972	149	410388438	410395829
0	6	-8	15835	1307	-1972	149	410395841	410402326
0	6	-8	15835	1307	-1972	149	410402333	410410724
0	5	-6	15835	1307	-1972	149	410410731	410416538
1	4	-9	15835	1307	-1972	149	410416545	410423519
1	4	-9	15835	1307	-1972	149	410423531	410431169
0	7	-5	15835	1307	-1972	149	410431176	410439447
0	7	-12	15835	1307	-1972	149	410439454	410447730
-1	7	-5	15835	1307	-1972	149	410447741	410454416
0	7	-11	15835	1307	-1972	149	410454423	410461856
0	7	-11	15835	1307	-1972	149	410461863	410468665
-1	5	-7	15835	1307	-1972	149	410468672	410475970
0	8	-9	15835	1307	-1972	149	410475977	410482498
0	8	-9	15835	1307	-1972	149	410482505	410490746
2	7	-10	15835	1307	-1972	149	410490753	410499031
0	6	-10	15835	1307	-1972	149	410499038	410506508
0	7	-8	15835	1307	-1972	149	410506515	410513114
0	7	-8	15835	1307	-1972	149	410513121	410519472
0	7	-9	15835	1307	-1972	149	410519483	410527505
0	7	-8	15835	1307	-1972	149	410527516	410534162
0	7	-8	15835	1307	-1972	149	410534170	410541588
1	6	-12	15835	1307	-1972	149	410541595	410549898
1	7	-8	15835	1307	-1972	149	410549905	410557995
1	7	-9	15835	1307	-1972	149	410558003	410563954
1	7	-9	15835	1307	-1972	149	410563961	410570755
1	5	-8	15835	1307	-1972	149	410570766	410579490
0	6	-6	15835	1307	-1972	149	410579501	410587456
0	5	-11	15835	1307	-1972	149	410587464	410594703
0	5	-11	15835	1307	-1972	149	410594714	410601819
0	7	-8	15835	1307	-1972	149	410601827	410610244
0	5	-5	15835	1307	-1972	149	410610251	410615884
0	8	-6	15835	1307	-1972	149	410615892	410622221
0	8	-6	15835	1307	-1972	149	410622228	410630452
0	8	-9	15835	1307	-1972	149	410630459	410638731
0	7	-12	15835	1307	-1972	149	410638738	410645807
1	6	-7	15835	1307	-1972	149	410645822	410652612
1	6	-7	15835	1307	-1972	149	410652619	410661099
0	5	-9	15835	1307	-1972	149	410661106	410666741
0	6	-6	15835	1307	-1972	149	410666748	410673010
0	6	-6	15835	1307	-1972	149	410673017	410681483
0	6	-8	15835	1307	-1972	149	410681494	410689802
2	7	-11	15835	1307	-1972	149	410689810	410697893
0	7	-9	15835	1307	-1972	149	410697904	410704537
0	7	-9	15835	1307	-1972	149	410704544	410712293
0	7	-8	15835	1307	-1972	149	410712300	410718811
1	6	-10	15835	1307	-1972	149	410718819	410725691
-1	7	-9	15835	1307	-1972	149	410725698	410732847
-1	7	-9	15835	1307	-1972	149	410732854	410740963
0	8	-10	15835	1307	-1972	149	410740970	410749361
2	9	-11	15835	1307	-1972	149	410749368	410756703
0	7	-12	15835	1307	-1972	149	410756710	410763406
0	7	-12	15835	1307	-1972	149	410763413	410770193
0	6	-8	15835	1307	-1972	149	410770208	410778177
1	7	-9	15835	1307	-1972	149	410778185	410784832
1	7	-9	15835	1307	-1972	149	410784839	410792376
-2	7	-5	15835	1307	-1972	149	410792384	410800581
1	5	-11	15835	1307	-1972	149	410800588	410808636
-1	7	-7	15835	1307	-1972	149	410808643	410814600
-1	7	-7	15835	1307	-1972	149	410814607	410821050
0	4	-5	15835	1307	-1972	149	410821061	410829332
0	7	-8	15835	1307	-1972	149	410829343	410836443
0	5	-10	15835	1307	-1972	149	410836450	410843406
0	5	-10	15835	1307	-1972	149	410843413	410851667
1	7	-10	15835	1307	-1972	149	410851674	410860007
3	6	-13	15835	1307	-1972	149	410860014	410865645
3	6	-13	15835	1307	-1972	149	410865652	410872247
-1	7	-5	15835	1307	-1972	149	410872254	410880768
2	6	-11	15835	1307	-1972	149	410880779	410888899
1	7	-10	15835	1307	-1972	149	410888906	410895623
1	7	-10	15835	1307	-1972	149	410895634	410902741
0	7	-7	15835	1307	-1972	149	410902748	410911199
0	8	-4	15835	1307	-1972	149	410911207	410916837
2	4	-9	15835	1307	-1972	149	410916844	410923283
2	4	-9	15835	1307	-1972	149	410923290	410931611
1	5	-8	15835	1307	-1972	149	410931622	410939942
0	6	-11	15835	1307	-1972	149	410939949	410947343
1	6	-13	15835	1307	-1972	149	410947355	410953850
1	6	-13	15835	1307	-1972	149	410953857	410962377
-1	4	-6	15835	1307	-1972	149	410962384	410969063
-2	7	-9	15835	1307	-1972	149	410969078	410975696
-1	6	-8	15835	1307	-1972	149	410975703	410983064
-1	6	-8	15835	1307	-1972	149	410983071	410991738
-1	9	-11	15835	1307	-1972	149	410991749	411000135
-2	7	-6	15835	1307	-1972	149	411000142	411007529
0	6	-10	15835	1307	-1972	149	411007536	411014256
0	6	-10	15835	1307	-1972	149	411014263	411020700
0	6	-9	15835	1307	-1972	149	411020711	411028722
0	6	-9	15835	1307	-1972	149	411028729	411035350
0	6	-9	15835	1307	-1972	149	411035357	411043217
1	6	-10	15835	1307	-1972	149	411043232	411051514
3	7	-7	15835	1307	-1972	149	411051522	411059952
-1	8	-10	15835	1307	-1972	149	411059960	411065590
-1	8	-10	15835	1307	-1972	149	411065597	411072475
-1	7	-5	15835	1307	-1972	149	411072482	411080879
0	8	-10	15835	1307	-1972	149	411080887	411088780
0	6	-10	15835	1307	-1972	149	411088787	411095825
1	7	-9	15835	1307	-1972	149	411095837	411103458
1	7	-9	15835	1307	-1972	149	411103469	411111900
1	7	-6	15835	1307	-1972	149	411111908	411117569
0	8	-6	15835	1307	-1972	149	411117576	411123880
0	8	-6	15835	1307	-1972	149	411123887	411132292
0	6	-7	15835	1307	-1972	149	411132303	411140456
0	6	-9	15835	1307	-1972	149	411140463	411147916
0	5	-8	15835	1307	-1972	149	411147931	411154554
0	5	-8	15835	1307	-1972	149	411154561	411162924
0	7	-9	15835	1307	-1972	149	411162932	411168926
-2	7	-6	15835	1307	-1972	149	411168937	411175715
-2	7	-6	15835	1307	-1972	149	411175722	411183403
1	7	-7	15835	1307	-1972	149	411183411	411191847
0	7	-13	15835	1307	-1972	149	411191858	411200153
1	8	-10	15835	1307	-1972	149	411200160	411207289
0	7	-7	15835	1307	-1972	149	411207296	411214241
0	7	-7	15835	1307	-1972	149	411214248	411220682
0	5	-7	15835	1307	-1972	149	411220694	411228006
0	8	-6	15835	1307	-1972	149	411228013	411234589
0	8	-6	15835	1307	-1972	149	411234597	411242951
0	6	-11	15835	1307	-1972	149	411242958	411251247
1	5	-11	15835	1307	-1972	149	411251254	411259090
1	7	-7	15835	1307	-1972	149	411259097	411265381
1	7	-7	15835	1307	-1972	149	411265388	411272157
-1	7	-11	15835	1307	-1972	149	411272168	411280412
-1	6	-5	15835	1307	-1972	149	411280419	411287467
1	7	-10	15835	1307	-1972	149	411287474	411294623
1	7	-10	15835	1307	-1972	149	411294638	411302881
-2	5	-7	15835	1307	-1972	149	411302888	411311347
0	6	-7	15835	1307	-1972	149	411311354	411316985
0	6	-7	15835	1307	-1972	149	411316992	411323514
1	6	-8	15835	1307	-1972	149	411323522	411331819
0	7	-8	15835	1307	-1972	149	411331830	411340041
0	7	-10	15835	1307	-1972	149	411340049	411347042
0	5	-11	15835	1307	-1972	149	411347057	411354314
0	5	-11	15835	1307	-1972	149	411354321	411362895
0	5	-10	15835	1307	-1972	149	411362903	411369103
1	6	-7	15835	1307	-1972	149	411369114	411376110
1	6	-7	15835	1307	-1972	149	411376117	411383816
0	6	-10	15835	1307	-1972	149	411383823	411392371
0	7	-12	15835	1307	-1972	149	411392383	411400727
1	7	-11	15835	1307	-1972	149	411400734	411407848
0	7	-8	15835	1307	-1972	149	411407856	411414741
0	7	-8	15835	1307	-1972	149	411414749	411421060
0	5	-4	15835	1307	-1972	149	411421071	411428421
0	7	-11	15835	1307	-1972	149	411428428	411435285
0	7	-11	15835	1307	-1972	149	411435292	411443413
2	8	-12	15835	1307	-1972	149	411443429	411451790
2	5	-9	15835	1307	-1972	149	411451801	411459846
0	6	-9	15835	1307	-1972	149	411459854	411465912
0	6	-9	15835	1307	-1972	149	411465919	411472773
0	7	-9	15835	1307	-1972	149	411472780	411481047
1	6	-11	15835	1307	-1972	149	411481054	411488100
2	6	-11	15835	1307	-1972	149	411488107	411494990
2	6	-11	15835	1307	-1972	149	411495001	411503383
0	6	-10	15835	1307	-1972	149	411503390	411511763
0	8	-9	15835	1307	-1972	149	411511770	411517420
0	8	-9	15835	1307	-1972	149	411517432	411523923
0	6	-9	15835	1307	-1972	149	411523930	411532269
-1	5	-8	15835	1307	-1972	149	411532280	411540452
0	6	-12	15835	1307	-1972	149	411540460	411547193
0	6	-12	15835	1307	-1972	149	411547200	411554532
0	6	-12	15835	1307	-1972	149	411554539	411562977
0	6	-3	15835	1307	-1972	149	411562984	411568847
-1	7	-6	15835	1307	-1972	149	411568859	411575381
-1	7	-6	15835	1307	-1972	149	411575388	411583754
-1	7	-7	15835	1307	-1972	149	411583762	411591992
0	6	-10	15835	1307	-1972	149	411592000	411600539
0	6	-9	15835	1307	-1972	149	411600558	411607336
0	8	-12	15835	1307	-1972	149	411607344	411614834
0	8	-12	15835	1307	-1972	149	411614841	411621325
2	7	-12	15835	1307	-1972	149	411621332	411628409
-1	7	-7	15835	1307	-1972	149	411628416	411635271
-1	7	-7	15835	1307	-1972	149	411635278	411643581
0	8	-12	15835	1307	-1972	149	411643592	411651838
0	6	-8	15835	1307	-1972	149	411651845	411659229
0	8	-9	15835	1307	-1972	149	411659236	411665953
0	8	-9	15835	1307	-1972	149	411665960	411672467
0	5	-5	15835	1307	-1972	149	411672478	411680460
0	6	-5	15835	1307	-1972	149	411680467	411687099
0	6	-5	15835	1307	-1972	149	411687106	411694778
0	7	-7	15835	1307	-1972	149	411694790	411703366
0	6	-7	15835	1307	-1972	149	411703377	411711984
0	7	-8	15835	1307	-1972	149	411711991	411717652
0	7	-8	15835	1307	-1972	149	411717663	411724158
-1	6	-4	15835	1307	-1972	149	411724165	411732635
0	7	-11	15835	1307	-1972	149	411732646	411740554
0	7	-9	15835	1307	-1972	149	411740561	411747161
0	7	-9	15835	1307	-1972	149	411747168	411754823
1	5	-7	15835	1307	-1972	149	411754830	411763506
0	5	-9	15835	1307	-1972	149	411763518	411769395
1	8	-7	15835	1307	-1972	149	411769410	411775920
1	8	-7	15835	1307	-1972	149	411775927	411784309
3	7	-12	15835	1307	-1972	149	411784317	411792521
0	7	-12	15835	1307	-1972	149	411792532	411800466
2	5	-5	15835	1307	-1972	149	411800473	411807341
2	5	-5	15835	1307	-1972	149	411807348	411815215
1	6	-6	15835	1307	-1972	149	411815222	411821607
0	7	-9	15835	1307	-1972	149	411821615	411829274
-2	4	-7	15835	1307	-1972	149	411829285	411836066
-2	4	-7	15835	1307	-1972	149	411836074	411844571
1	6	-9	15835	1307	-1972	149	411844586	411852843
1	7	-8	15835	1307	-1972	149	411852850	411860749
0	7	-6	15835	1307	-1972	149	411860756	411867026
0	7	-6	15835	1307	-1972	149	411867033	411873730
0	7	-11	15835	1307	-1972	149	411873737	411881979
0	6	-6	15835	1307	-1972	149	411881986	411888978
2	7	-15	15835	1307	-1972	149	411888985	411895790
2	7	-15	15835	1307	-1972	149	411895797	411904375
-1	7	-10	15835	1307	-1972	149	411904386	411912801
0	6	-9	15835	1307	-1972	149	411912808	411918462
0	6	-9	15835	1307	-1972	149	411918473	411924929
-1	7	-6	15835	1307	-1972	149	411924936	411933196
1	5	-8	15835	1307	-1972	149	411933207	411941212
-1	6	-11	15835	1307	-1972	149	411941219	411948144
-1	6	-11	15835	1307	-1972	149	411948155	411955415
0	6	-8	15835	1307	-1972	149	411955422	411963893
0	6	-10	15835	1307	-1972	149	411963900	411969553
0	7	-7	15835	1307	-1972	149	411969564	411976366
0	7	-7	15835	1307	-1972	149	411976373	411984680
-2	5	-8	15835	1307	-1972	149	411984687	411993021
0	6	-8	15835	1307	-1972	149	411993032	412000821
0	8	-8	15835	1307	-1972	149	412000829	412008273
0	8	-8	15835	1307	-1972	149	412008284	412015719
1	7	-10	15835	1307	-1972	149	412015726	412022371
1	7	-9	15835	1307	-1972	149	412022378	412029466
0	5	-5	15835	1307	-1972	149	412029473	412036314
0	5	-5	15835	1307	-1972	149	412036321	412044780
0	5	-11	15835	1307	-1972	149	412044795	412053114
0	6	-6	15835	1307	-1972	149	412053121	412060774
1	7	-9	15835	1307	-1972	149	412060781	412067214
1	7	-9	15835	1307	-1972	149	412067225	412074074
0	5	-8	15835	1307	-1972	149	412074081	412082420
1	8	-10	15835	1307	-1972	149	412082428	412089457
1	5	-10	15835	1307	-1972	149	412089464	412096287
1	5	-10	15835	1307	-1972	149	412096295	412104666
0	5	-7	15835	1307	-1972	149	412104673	412113197
0	6	-8	15835	1307	-1972	149	412113208	412118977
0	6	-8	15835	1307	-1972	149	412118988	412125395
0	7	-8	15835	1307	-1972	149	412125402	412133710
0	6	-10	15835	1307	-1972	149	412133721	412141701
-1	7	-10	15835	1307	-1972	149	412141708	412148522
-1	7	-10	15835	1307	-1972	149	412148533	412155801
-3	6	-7	15835	1307	-1972	149	412155808	412164230
0	6	-6	15835	1307	-1972	149	412164237	412169889
0	7	-8	15835	1307	-1972	149	412169900	412176198
0	7	-8	15835	1307	-1972	149	412176206	412184594
0	6	-9	15835	1307	-1972	149	412184602	412192865
-1	6	-11	15835	1307	-1972	149	412192877	412200246
0	8	-9	15835	1307	-1972	149	412200253	412206948
0	8	-9	15835	1307	-1972	149	412206955	412215388
0	8	-9	15835	1307	-1972	149	412215395	412221227
0	6	-7	15835	1307	-1972	149	412221234	412228031
0	6	-7	15835	1307	-1972	149	412228038	412235833
-1	7	-7	15835	1307	-1972	149	412235844	412244146
0	7	-13	15835	1307	-1972	149	412244157	412252326
-1	5	-11	15835	1307	-1972	149	412252333	412259037
0	6	-5	15835	1307	-1972	149	412259044	412266566
0	6	-5	15835	1307	-1972	149	412266574	412273392
0	7	-6	15835	1307	-1972	149	412273399	412280739
0	7	-10	15835	1307	-1972	149	412280746	412287261
0	7	-10	15835	1307	-1972	149	412287268	412295528
1	7	-10	15835	1307	-1972	149	412295535	412303750
0	5	-11	15835	1307	-1972	149	412303758	412311367
0	7	-6	15835	1307	-1972	149	412311374	412317833
0	7	-6	15835	1307	-1972	149	412317848	412324302
0	7	-8	15835	1307	-1972	149	412324309	412332614
-1	6	-9	15835	1307	-1972	149	412332621	412339578
0	6	-11	15835	1307	-1972	149	412339585	412346784
0	6	-11	15835	1307	-1972	149	412346791	412354998
-1	5	-9	15835	1307	-1972	149	412355005	412363572
-2	7	-7	15835	1307	-1972	149	412363579	412369330
-2	7	-7	15835	1307	-1972	149	412369345	412376026
2	8	-9	15835	1307	-1972	149	412376033	412384249
-2	6	-6	15835	1307	-1972	149	412384257	412392141
-3	6	-10	15835	1307	-1972	149	412392148	412398989
-3	6	-10	15835	1307	-1972	149	412398996	412406510
0	4	-7	15835	1307	-1972	149	412406517	412414949
-1	7	-9	15835	1307	-1972	149	412414957	412420935
-1	7	-6	15835	1307	-1972	149	412420947	412427247
-1	7	-6	15835	1307	-1972	149	412427255	412435573
1	6	-8	15835	1307	-1972	149	412435580	412443849
0	6	-10	15835	1307	-1972	149	412443860	412451246
-2	6	-9	15835	1307	-1972	149	412451253	412457688
-2	6	-9	15835	1307	-1972	149	412457695	412466121
0	6	-9	15835	1307	-1972	149	412466128	412472795
-1	6	-7	15835	1307	-1972	149	412472806	412479628
0	7	-9	15835	1307	-1972	149	412479635	412486955
0	7	-9	15835	1307	-1972	149	412486962	412495284
0	6	-10	15835	1307	-1972	149	412495295	412503574
0	8	-8	15835	1307	-1972	149	412503581	412510634
0	5	-8	15835	1307	-1972	149	412510641	412517620
0	5	-8	15835	1307	-1972	149	412517631	412523917
0	6	-8	15835	1307	-1972	149	412523925	412531233
2	6	-8	15835	1307	-1972	149	412531240	412538083
2	6	-8	15835	1307	-1972	149	412538095	412546336
2	6	-11	15835	1307	-1972	149	412546343	412554691
0	6	-11	15835	1307	-1972	149	412554698	412562575
0	7	-8	15835	1307	-1972	149	412562582	412568865
0	7	-8	15835	1307	-1972	149	412568876	412575582
0	6	-7	15835	1307	-1972	149	412575590	412583912
0	6	-8	15835	1307	-1972	149	412583919	412590959
0	8	-13	15835	1307	-1972	149	412590966	412597818
0	8	-13	15835	1307	-1972	149	412597826	412606169
0	7	-8	15835	1307	-1972	149	412606176	412614624
0	7	-12	15835	1307	-1972	149	412614632	412620581
0	7	-12	15835	1307	-1972	149	412620592	412627105
-1	7	-5	15835	1307	-1972	149	412627112	412635307
0	7	-12	15835	1307	-1972	149	412635314	412643797
1	7	-11	15835	1307	-1972	149	412643816	412650953
0	6	-10	15835	1307	-1972	149	412650961	412657736
0	6	-10	15835	1307	-1972	149	412657744	412666265
0	6	-6	15835	1307	-1972	149	412666273	412671936
1	5	-7	15835	1307	-1972	149	412671943	412678197
1	5	-7	15835	1307	-1972	149	412678204	412686560
0	8	-7	15835	1307	-1972	149	412686567	412694894
1	7	-12	15835	1307	-1972	149	412694906	412702555
-1	5	-8	15835	1307	-1972	149	412702562	412709571
-1	5	-8	15835	1307	-1972	149	412709578	412717494
0	8	-8	15835	1307	-1972	149	412717505	412724258
-1	6	-8	15835	1307	-1972	149	412724269	412731317
0	7	-6	15835	1307	-1972	149	412731324	412738149
0	7	-6	15835	1307	-1972	149	412738156	412746525
0	6	-10	15835	1307	-1972	149	412746536	412754815
-1	6	-10	15835	1307	-1972	149	412754823	412762367
0	6	-8	15835	1307	-1972	149	412762374	412769001
0	6	-8	15835	1307	-1972	149	412769013	412775715
0	6	-9	15835	1307	-1972	149	412775723	412783922
0	6	-9	15835	1307	-1972	149	412783929	412790673
1	7	-9	15835	1307	-1972	149	412790681	412797862
1	7	-9	15835	1307	-1972	149	412797870	412806080
2	4	-12	15835	1307	-1972	149	412806087	412814570
0	7	-6	15835	1307	-1972	149	412814578	412820236
0	7	-6	15835	1307	-1972	149	412820243	412826724
-1	7	-9	15835	1307	-1972	149	412826731	412835003
0	7	-10	15835	1307	-1972	149	412835010	412842514
3	7	-8	15835	1307	-1972	149	412842525	412849365
3	7	-8	15835	1307	-1972	149	412849373	412857257
0	6	-6	15835	1307	-1972	149	412857264	412865755
0	7	-8	15835	1307	-1972	149	412865767	412871478
0	6	-10	15835	1307	-1972	149	412871485	412878217
0	6	-10	15835	1307	-1972	149	412878224	412886506
0	6	-10	15835	1307	-1972	149	412886513	412895005
1	6	-10	15835	1307	-1972	149	412895016	412902398
0	8	-6	15835	1307	-1972	149	412902405	412908937
0	8	-6	15835	1307	-1972	149	412908945	412917360
0	6	-6	15835	1307	-1972	149	412917371	412923400
0	4	-7	15835	1307	-1972	149	412923407	412930714
0	4	-7	15835	1307	-1972	149	412930725	412937831
1	6	-10	15835	1307	-1972	149	412937838	412946119
-1	5	-11	15835	1307	-1972	149	412946126	412954188
-2	6	-6	15835	1307	-1972	149	412954195	412960880
-1	7	-9	15835	1307	-1972	149	412960887	412968439
-1	7	-9	15835	1307	-1972	149	412968454	412975221
-1	5	-7	15835	1307	-1972	149	412975228	412982590
1	7	-9	15835	1307	-1972	149	412982597	412989464
1	7	-9	15835	1307	-1972	149	412989471	412997571
0	9	-9	15835	1307	-1972	149	412997578	413005934
0	6	-11	15835	1307	-1972	149	413005941	413014024
0	7	-11	15835	1307	-1972	149	413014031	413020147
0	7	-11	15835	1307	-1972	149	413020155	413026603
0	6	-11	15835	1307	-1972	149	413026610	413035110
0	7	-9	15835	1307	-1972	149	413035121	413042296
0	7	-7	15835	1307	-1972	149	413042311	413049133
0	7	-7	15835	1307	-1972	149	413049141	413057300
0	8	-11	15835	1307	-1972	149	413057307	413065916
0	6	-11	15835	1307	-1972	149	413065927	413071644
0	6	-11	15835	1307	-1972	149	413071655	413078177
1	7	-9	15835	1307	-1972	149	413078184	413086391
0	5	-5	15835	1307	-1972	149	413086398	413094564
1	7	-9	15835	1307	-1972	149	413094575	413101260
1	6	-8	15835	1307	-1972	149	413101267	413108591
1	6	-8	15835	1307	-1972	149	413108598	413117176
2	5	-8	15835	1307	-1972	149	413117187	413122821
1	8	-8	15835	1307	-1972	149	413122828	413129186
1	8	-8	15835	1307	-1972	149	413129193	413138000
0	7	-11	15835	1307	-1972	149	413138020	413146502
0	5	-11	15835	1307	-1972	149	413146517	413154662
2	7	-11	15835	1307	-1972	149	413154669	413161383
-1	8	-8	15835	1307	-1972	149	413161391	413169076
-1	8	-8	15835	1307	-1972	149	413169091	413175602
0	6	-8	15835	1307	-1972	149	413175610	413182979
-1	6	-9	15835	1307	-1972	149	413182987	413189486
-1	6	-9	15835	1307	-1972	149	413189494	413197824
-2	8	-8	15835	1307	-1972	149	413197831	413206169
-2	7	-8	15835	1307	-1972	149	413206176	413213846
0	9	-11	15835	1307	-1972	149	413213854	413220357
0	9	-11	15835	1307	-1972	149	413220364	413226738
0	7	-7	15835	1307	-1972	149	413226745	413235425
-1	5	-10	15835	1307	-1972	149	413235436	413242557
1	6	-13	15835	1307	-1972	149	413242568	413249508
1	6	-13	15835	1307	-1972	149	413249515	413257824
0	6	-6	15835	1307	-1972	149	413257831	413266210
0	8	-5	15835	1307	-1972	149	413266217	413271942
0	8	-5	15835	1307	-1972	149	413271953	413278561
-1	7	-7	15835	1307	-1972	149	413278568	413286805
3	6	-11	15835	1307	-1972	149	413286813	413294840
0	6	-11	15835	1307	-1972	149	413294852	413301659
0	6	-11	15835	1307	-1972	149	413301666	413308885
-1	4	-9	15835	1307	-1972	149	413308893	413317389
-1	5	-9	15835	1307	-1972	149	413317400	413323035
0	7	-4	15835	1307	-1972	149	413323042	413329553
0	7	-4	15835	1307	-1972	149	413329560	413338032
0	7	-11	15835	1307	-1972	149	413338043	413346324
-1	7	-6	15835	1307	-1972	149	413346335	413353878
0	7	-7	15835	1307	-1972	149	413353885	413360685
0	7	-7	15835	1307	-1972	149	413360692	413368945
0	7	-8	15835	1307	-1972	149	413368960	413375779
-2	7	-9	15835	1307	-1972	149	413375786	413382730
2	5	-12	15835	1307	-1972	149	413382737	413389551
2	5	-12	15835	1307	-1972	149	413389558	413397907
0	7	-9	15835	1307	-1972	149	413397914	413406344
0	7	-7	15835	1307	-1972	149	413406351	413413693
1	7	-8	15835	1307	-1972	149	413413701	413420407
1	7	-8	15835	1307	-1972	149	413420414	413426681
-1	6	-10	15835	1307	-1972	149	413426688	413434335
0	6	-9	15835	1307	-1972	149	413434342	413441719
0	6	-9	15835	1307	-1972	149	413441730	413449281
0	7	-9	15835	1307	-1972	149	413449288	413457478
0	6	-10	15835	1307	-1972	149	413457485	413465866
0	7	-10	15835	1307	-1972	149	413465874	413471595
0	7	-10	15835	1307	-1972	149	413471606	413478384
-1	6	-8	15835	1307	-1972	149	413478391	413486596
-1	7	-11	15835	1307	-1972	149	413486603	413494019
0	5	-11	15835	1307	-1972	149	413494030	413500843
0	5	-11	15835	1307	-1972	149	413500850	413508929
0	7	-10	15835	1307	-1972	149	413508937	413517287
1	7	-10	15835	1307	-1972	149	413517298	413522934
1	7	-10	15835	1307	-1972	149	413522941	413529433
1	7	-7	15835	1307	-1972	149	413529441	413537643
0	6	-8	15835	1307	-1972	149	413537651	413545783
0	7	-9	15835	1307	-1972	149	413545794	413552580
0	6	-12	15835	1307	-1972	149	413552587	413559778
0	6	-12	15835	1307	-1972	149	413559786	413568297
0	7	-7	15835	1307	-1972	149	413568308	413574094
1	7	-8	15835	1307	-1972	149	413574102	413580599
1	7	-8	15835	1307	-1972	149	413580606	413588926
0	8	-7	15835	1307	-1972	149	413588934	413597234
2	7	-14	15835	1307	-1972	149	413597241	413604942
0	7	-9	15835	1307	-1972	149	413604949	413611953
0	7	-9	15835	1307	-1972	149	413611960	413619852
0	7	-6	15835	1307	-1972	149	413619863	413626299
0	6	-9	15835	1307	-1972	149	413626306	413633137
0	7	-12	15835	1307	-1972	149	413633145	413640269
0	7	-12	15835	1307	-1972	149	413640276	413648641
2	5	-13	15835	1307	-1972	149	413648656	413657014
1	7	-9	15835	1307	-1972	149	413657021	413664397
0	6	-9	15835	1307	-1972	149	413664404	413671312
0	6	-9	15835	1307	-1972	149	413671324	413677751
1	7	-10	15835	1307	-1972	149	413677758	413685728
0	6	-7	15835	1307	-1972	149	413685736	413692588
0	6	-7	15835	1307	-1972	149	413692599	413699867
0	5	-11	15835	1307	-1972	149	413699874	413708098
0	6	-8	15835	1307	-1972	149	413708105	413716243
0	7	-9	15835	1307	-1972	149	413716250	413722231
0	7	-9	15835	1307	-1972	149	413722238	413728678
0	7	-9	15835	1307	-1972	149	413728685	413737037
0	6	-7	15835	1307	-1972	149	413737044	413744468
1	5	-11	15835	1307	-1972	149	413744479	413751935
1	5	-11	15835	1307	-1972	149	413751950	413759605
0	7	-8	15835	1307	-1972	149	413759613	413768041
0	7	-11	15835	1307	-1972	149	413768052	413773697
-1	7	-6	15835	1307	-1972	149	413773704	413780547
-1	7	-6	15835	1307	-1972	149	413780554	413788843
-1	7	-8	15835	1307	-1972	149	413788850	413797308
0	7	-9	15835	1307	-1972	149	413797315	413804704
0	7	-12	15835	1307	-1972	149	413804711	413811199
0	7	-12	15835	1307	-1972	149	413811207	413819627
0	7	-8	15835	1307	-1972	149	413819638	413825530
-1	7	-8	15835	1307	-1972	149	413825537	413832628
-1	7	-8	15835	1307	-1972	149	413832635	413840214
0	7	-10	15835	1307	-1972	149	413840221	413848567
0	7	-8	15835	1307	-1972	149	413848574	413856905
0	7	-7	15835	1307	-1972	149	413856913	413864123
-1	7	-8	15835	1307	-1972	149	413864134	413871166
-1	7	-8	15835	1307	-1972	149	413871177	413877862
0	5	-8	15835	1307	-1972	149	413877869	413885322
0	5	-7	15835	1307	-1972	149	413885330	413891950
0	5	-7	15835	1307	-1972	149	413891957	413899915
0	7	-12	15835	1307	-1972	149	413899922	413908122
0	8	-9	15835	1307	-1972	149	413908129	413916048
1	7	-8	15835	1307	-1972	149	413916055	413922430
SUCCESSFUL.
/>
