0	5	1	-9374	11378	6015	231	-2130108746	-2130101303
2	4	1	-9374	11378	6015	231	-2130096250	-2130087599
0	3	1	-9374	11378	6015	231	-2130082553	-2130075012
0	5	3	-9374	11378	6015	231	-2130069984	-2130062777
1	5	0	-9374	11378	6015	231	-2130057754	-2130050145
2	5	2	-9374	11378	6015	231	-2130045120	-2130035783
0	4	2	-9374	11378	6015	231	-2130030748	-2130023392
0	3	1	-9374	11378	6015	231	-2130018368	-2130011421
0	2	0	-9374	11378	6015	231	-2130006401	-2129997934
0	5	0	-9374	11378	6015	231	-2129992909	-2129984828
3	4	3	-9374	11378	6015	231	-2129979805	-2129972616
1	3	4	-9374	11378	6015	231	-2129967590	-2129960206
0	3	1	-9374	11378	6015	231	-2129955185	-2129946609
2	4	-1	-9374	11378	6015	231	-2129941560	-2129934097
1	4	2	-9374	11378	6015	231	-2129929073	-2129921779
2	3	0	-9374	11378	6015	231	-2129916752	-2129908631
1	4	0	-9374	11378	6015	231	-2129903610	-2129895241
0	2	2	-9374	11378	6015	231	-2129890214	-2129883280
2	5	0	-9374	11378	6015	231	-2129878253	-2129871142
3	3	3	-9374	11378	6015	231	-2129866115	-2129857592
2	7	0	-9374	11378	6015	231	-2129852570	-2129844643
0	3	2	-9374	11378	6015	231	-2129839592	-2129832769
0	4	3	-9374	11378	6015	231	-2129827741	-2129820568
4	4	-1	-9374	11378	6015	231	-2129815542	-2129807026
1	3	0	-9374	11378	6015	231	-2129802000	-2129794255
3	4	0	-9374	11378	6015	231	-2129789229	-2129782642
0	5	0	-9374	11378	6015	231	-2129777616	-2129770682
2	3	3	-9374	11378	6015	231	-2129765657	-2129757110
1	4	-2	-9374	11378	6015	231	-2129752087	-2129744222
3	4	2	-9374	11378	6015	231	-2129739197	-2129732409
0	5	-3	-9374	11378	6015	231	-2129727382	-2129720232
1	5	2	-9374	11378	6015	231	-2129715206	-2129706763
2	4	0	-9374	11378	6015	231	-2129701737	-2129693984
1	2	2	-9374	11378	6015	231	-2129688960	-2129682330
2	4	4	-9374	11378	6015	231	-2129677305	-2129670309
0	6	3	-9374	11378	6015	231	-2129665283	-2129656674
3	4	-3	-9374	11378	6015	231	-2129651648	-2129643928
1	5	1	-9374	11378	6015	231	-2129638902	-2129631829
1	3	1	-9374	11378	6015	231	-2129626792	-2129619352
3	3	0	-9374	11378	6015	231	-2129614326	-2129605807
3	3	3	-9374	11378	6015	231	-2129600781	-2129593452
1	6	2	-9374	11378	6015	231	-2129588425	-2129581820
0	2	2	-9374	11378	6015	231	-2129576793	-2129569707
0	3	1	-9374	11378	6015	231	-2129564681	-2129556171
3	3	0	-9374	11378	6015	231	-2129551145	-2129543471
0	4	1	-9374	11378	6015	231	-2129538445	-2129531431
0	5	3	-9374	11378	6015	231	-2129526395	-2129518946
0	5	0	-9374	11378	6015	231	-2129513920	-2129505431
3	5	-2	-9374	11378	6015	231	-2129500406	-2129493047
1	4	0	-9374	11378	6015	231	-2129488022	-2129481534
1	5	0	-9374	11378	6015	231	-2129476509	-2129469424
0	2	0	-9374	11378	6015	231	-2129464400	-2129455895
0	5	0	-9374	11378	6015	231	-2129450870	-2129443180
1	4	0	-9374	11378	6015	231	-2129438153	-2129431494
2	3	0	-9374	11378	6015	231	-2129426467	-2129419399
3	7	-1	-9374	11378	6015	231	-2129414374	-2129405891
1	3	1	-9374	11378	6015	231	-2129400867	-2129393114
0	4	4	-9374	11378	6015	231	-2129388089	-2129381433
2	6	4	-9374	11378	6015	231	-2129376406	-2129369243
1	4	4	-9374	11378	6015	231	-2129364217	-2129355716
0	5	-1	-9374	11378	6015	231	-2129350691	-2129343007
0	3	0	-9374	11378	6015	231	-2129337981	-2129331324
2	4	1	-9374	11378	6015	231	-2129326270	-2129319096
2	3	2	-9374	11378	6015	231	-2129314067	-2129305486
0	4	0	-9374	11378	6015	231	-2129300461	-2129292754
0	5	0	-9374	11378	6015	231	-2129287728	-2129281104
0	3	4	-9374	11378	6015	231	-2129276080	-2129268982
0	6	-1	-9374	11378	6015	231	-2129263958	-2129255320
4	5	0	-9374	11378	6015	231	-2129250294	-2129242582
0	4	0	-9374	11378	6015	231	-2129237555	-2129230923
0	3	3	-9374	11378	6015	231	-2129225897	-2129218122
2	5	4	-9374	11378	6015	231	-2129213086	-2129204734
1	4	-1	-9374	11378	6015	231	-2129199709	-2129192402
1	3	0	-9374	11378	6015	231	-2129187376	-2129180757
1	4	0	-9374	11378	6015	231	-2129175731	-2129168638
1	2	5	-9374	11378	6015	231	-2129163613	-2129155013
3	2	-1	-9374	11378	6015	231	-2129149987	-2129142292
0	2	-1	-9374	11378	6015	231	-2129137267	-2129130637
0	5	0	-9374	11378	6015	231	-2129125613	-2129118494
0	6	2	-9374	11378	6015	231	-2129113473	-2129104937
0	4	1	-9374	11378	6015	231	-2129099910	-2129092179
0	5	0	-9374	11378	6015	231	-2129087152	-2129080573
3	5	0	-9374	11378	6015	231	-2129075549	-2129068389
1	4	2	-9374	11378	6015	231	-2129063363	-2129054756
1	2	1	-9374	11378	6015	231	-2129049731	-2129042026
0	6	0	-9374	11378	6015	231	-2129036951	-2129030342
1	5	-1	-9374	11378	6015	231	-2129025318	-2129017844
1	2	0	-9374	11378	6015	231	-2129012812	-2129004232
2	3	1	-9374	11378	6015	231	-2128999206	-2128991785
1	2	-1	-9374	11378	6015	231	-2128986762	-2128980282
0	6	1	-9374	11378	6015	231	-2128975257	-2128968132
0	5	0	-9374	11378	6015	231	-2128963107	-2128954444
3	3	-1	-9374	11378	6015	231	-2128949417	-2128941797
0	3	0	-9374	11378	6015	231	-2128936314	-2128929842
0	6	0	-9374	11378	6015	231	-2128924816	-2128917202
0	5	-1	-9374	11378	6015	231	-2128912169	-2128903460
0	3	0	-9374	11378	6015	231	-2128898435	-2128891246
1	3	0	-9374	11378	6015	231	-2128886225	-2128879746
2	4	4	-9374	11378	6015	231	-2128874720	-2128867402
1	2	-2	-9374	11378	6015	231	-2128862377	-2128853747
0	2	0	-9374	11378	6015	231	-2128848723	-2128841479
0	2	3	-9374	11378	6015	231	-2128836458	-2128829846
3	5	-2	-9374	11378	6015	231	-2128824822	-2128817714
1	4	4	-9374	11378	6015	231	-2128812692	-2128804180
2	5	0	-9374	11378	6015	231	-2128799155	-2128791477
0	3	1	-9374	11378	6015	231	-2128786451	-2128779720
2	3	2	-9374	11378	6015	231	-2128774694	-2128767455
0	2	1	-9374	11378	6015	231	-2128762422	-2128753969
2	2	-1	-9374	11378	6015	231	-2128748944	-2128741267
2	4	0	-9374	11378	6015	231	-2128736244	-2128729638
0	5	1	-9374	11378	6015	231	-2128724611	-2128717565
0	2	4	-9374	11378	6015	231	-2128712517	-2128703831
3	4	-1	-9374	11378	6015	231	-2128698797	-2128691191
1	2	1	-9374	11378	6015	231	-2128686170	-2128679506
2	4	1	-9374	11378	6015	231	-2128674480	-2128667500
1	4	1	-9374	11378	6015	231	-2128662473	-2128653857
2	5	0	-9374	11378	6015	231	-2128648832	-2128641131
1	3	2	-9374	11378	6015	231	-2128636109	-2128629360
0	4	0	-9374	11378	6015	231	-2128624336	-2128617377
1	2	0	-9374	11378	6015	231	-2128612356	-2128603613
1	1	-2	-9374	11378	6015	231	-2128598574	-2128590889
0	4	4	-9374	11378	6015	231	-2128585866	-2128579235
3	5	-2	-9374	11378	6015	231	-2128574208	-2128567189
2	4	2	-9374	11378	6015	231	-2128562163	-2128553658
0	4	0	-9374	11378	6015	231	-2128548633	-2128540840
0	5	2	-9374	11378	6015	231	-2128535806	-2128529050
2	3	1	-9374	11378	6015	231	-2128524025	-2128516793
0	4	2	-9374	11378	6015	231	-2128511309	-2128502714
1	4	-1	-9374	11378	6015	231	-2128497675	-2128490432
2	2	2	-9374	11378	6015	231	-2128485412	-2128478777
0	5	3	-9374	11378	6015	231	-2128473750	-2128466672
1	3	4	-9374	11378	6015	231	-2128461649	-2128453082
0	4	-2	-9374	11378	6015	231	-2128448057	-2128440334
1	4	1	-9374	11378	6015	231	-2128435313	-2128428681
0	4	1	-9374	11378	6015	231	-2128423654	-2128416538
2	2	0	-9374	11378	6015	231	-2128411517	-2128402907
2	4	0	-9374	11378	6015	231	-2128397870	-2128390192
0	5	5	-9374	11378	6015	231	-2128385172	-2128378568
5	4	3	-9374	11378	6015	231	-2128373542	-2128366441
0	4	-2	-9374	11378	6015	231	-2128361418	-2128352773
2	6	2	-9374	11378	6015	231	-2128347747	-2128340040
2	4	1	-9374	11377	6015	231	-2128335018	-2128328465
0	4	1	-9375	11376	6015	230	-2128323440	-2128316571
4	3	0	-9376	11376	6015	230	-2128311546	-2128302800
0	3	4	-9378	11374	6014	228	-2128297762	-2128290025
0	6	0	-9380	11372	6013	228	-2128284998	-2128278404
2	6	0	-9382	11371	6013	227	-2128273379	-2128267740
2	5	-2	-9384	11369	6012	226	-2128262713	-2128256654
0	7	-3	-9386	11368	6011	225	-2128251629	-2128243106
0	7	-5	-9393	11363	6007	224	-2128238080	-2128229878
-1	10	-5	-9398	11360	6004	223	-2128224851	-2128219186
0	9	-8	-9404	11356	6002	221	-2128214160	-2128208272
0	12	-16	-9411	11352	5998	220	-2128203245	-2128196000
-1	12	-17	-9419	11347	5994	218	-2128190962	-2128182456
-5	20	-31	-9439	11332	5987	213	-2128177434	-2128171612
-7	24	-38	-9450	11324	5984	211	-2128166585	-2128160778
-8	30	-57	-9471	11308	5979	206	-2128155757	-2128148944
-14	30	-59	-9496	11288	5973	201	-2128143920	-2128136849
-14	35	-73	-9526	11262	5969	195	-2128131828	-2128126187
-18	35	-70	-9548	11241	5970	191	-2128121165	-2128115480
-11	34	-86	-9574	11218	5972	188	-2128110458	-2128103860
-17	16	-44	-9649	11150	5971	178	-2128098835	-2128090618
-5	-8	-17	-9699	11104	5971	171	-2128085597	-2128078619
-13	-11	-13	-9748	11058	5973	165	-2128073593	-2128067753
-29	1	-64	-9797	11010	5979	160	-2128062726	-2128056130
-25	-8	-105	-9847	10958	5989	157	-2128051104	-2128042562
-32	3	-102	-9941	10856	6022	158	-2128037536	-2128029398
-23	-20	21	-9995	10798	6041	164	-2128024371	-2128018672
-6	-28	36	-10052	10741	6056	177	-2128013648	-2128006917
-21	-14	-18	-10112	10685	6065	193	-2128001891	-2127993734
-5	-42	25	-10231	10583	6074	240	-2127988696	-2127980026
17	-53	26	-10287	10537	6074	7	-2127975001	-2127969122
1	-83	-24	-10338	10496	6072	28	-2127964096	-2127958203
12	-62	17	-10383	10461	6068	47	-2127953177	-2127946315
-16	-66	57	-10421	10431	6063	63	-2127941289	-2127933254
-69	-97	-3	-10456	10404	6058	78	-2127928231	-2127922380
-148	-123	-41	-10509	10366	6050	108	-2127917353	-2127911342
-175	-113	-7	-10530	10355	6045	128	-2127906321	-2127898812
-91	-57	25	-10550	10350	6036	157	-2127893758	-2127886558
-67	-56	4	-10569	10352	6021	192	-2127881533	-2127875893
-42	-7	62	-10588	10362	5998	234	-2127870867	-2127864846
-37	-20	24	-10606	10380	5965	30	-2127859815	-2127851494
-7	-4	32	-10639	10436	5877	149	-2127846471	-2127838805
48	35	72	-10646	10468	5839	202	-2127833787	-2127827189
-2	9	41	-10646	10499	5811	249	-2127822167	-2127816518
59	54	78	-10647	10530	5783	46	-2127811498	-2127803832
20	45	46	-10652	10589	5728	161	-2127798810	-2127789941
69	57	64	-10659	10616	5698	221	-2127784908	-2127777716
33	44	12	-10668	10646	5661	29	-2127772695	-2127766885
141	86	76	-10680	10674	5616	91	-2127761406	-2127754247
126	98	113	-10703	10716	5544	190	-2127749226	-2127740596
132	96	135	-10710	10730	5521	226	-2127735579	-2127728078
83	72	131	-10716	10737	5508	251	-2127723057	-2127717160
46	64	119	-10721	10739	5504	9	-2127712134	-2127704878
3	14	29	-10722	10738	5505	12	-2127699857	-2127691203
-4	-2	0	-10723	10735	5511	14	-2127686160	-2127678177
7	0	37	-10725	10733	5510	15	-2127673153	-2127667276
4	12	10	-10727	10732	5509	16	-2127662253	-2127655041
-4	-12	22	-10724	10735	5510	17	-2127650020	-2127641380
0	0	11	-10720	10740	5509	20	-2127636363	-2127628199
8	3	11	-10720	10742	5507	21	-2127623178	-2127617495
8	4	21	-10719	10745	5503	24	-2127612474	-2127606561
11	0	12	-10721	10748	5496	28	-2127601540	-2127595167
16	-2	15	-10721	10752	5490	33	-2127590145	-2127581958
19	8	17	-10722	10754	5486	36	-2127576924	-2127571067
26	13	14	-10721	10756	5483	34	-2127566045	-2127560116
0	-12	0	-10720	10756	5483	31	-2127555095	-2127547875
-2	0	6	-10718	10757	5483	27	-2127542852	-2127536361
-5	-2	5	-10717	10757	5483	24	-2127531342	-2127525508
-1	-6	2	-10716	10757	5484	22	-2127520487	-2127514848
-8	-7	8	-10715	10758	5484	19	-2127509828	-2127503296
-4	-6	3	-10715	10757	5485	18	-2127498273	-2127489865
3	-3	8	-10715	10757	5485	18	-2127484846	-2127476962
1	-6	6	-10715	10757	5485	18	-2127471929	-2127465318
-1	-7	6	-10715	10757	5485	17	-2127460299	-2127452982
1	-4	2	-10714	10757	5485	14	-2127447962	-2127439675
0	-3	10	-10713	10758	5484	14	-2127434657	-2127427177
0	0	12	-10712	10759	5484	13	-2127422154	-2127415666
0	-4	9	-10711	10760	5484	12	-2127410648	-2127403863
0	-4	8	-10709	10761	5484	11	-2127398842	-2127390586
0	-6	6	-10707	10763	5484	8	-2127385569	-2127377291
-1	-3	6	-10706	10763	5484	9	-2127372258	-2127365841
0	-4	3	-10706	10764	5485	9	-2127360824	-2127354284
0	-4	5	-10705	10765	5485	9	-2127349261	-2127341494
0	-3	6	-10705	10764	5485	9	-2127336475	-2127327842
2	-6	6	-10705	10764	5484	9	-2127322820	-2127316099
1	-3	4	-10705	10764	5484	9	-2127311080	-2127304287
1	-2	4	-10706	10764	5484	9	-2127299265	-2127291311
0	-1	5	-10706	10764	5484	9	-2127286289	-2127277790
2	-2	9	-10706	10764	5484	9	-2127272769	-2127266012
2	-3	4	-10706	10764	5484	9	-2127260993	-2127254209
1	-2	3	-10706	10764	5484	9	-2127249188	-2127241402
-1	-1	6	-10706	10764	5484	9	-2127236385	-2127227731
0	-2	7	-10706	10764	5484	9	-2127222708	-2127215850
2	-2	7	-10706	10764	5484	9	-2127210829	-2127204044
2	-1	4	-10706	10764	5484	9	-2127199021	-2127191182
0	-1	3	-10707	10763	5484	9	-2127186165	-2127177306
0	-1	8	-10707	10763	5484	9	-2127172271	-2127165685
0	-1	7	-10707	10763	5484	9	-2127160667	-2127153902
0	-1	7	-10707	10763	5484	9	-2127148881	-2127141105
0	-1	8	-10707	10763	5484	9	-2127136088	-2127127616
2	-2	5	-10707	10763	5484	9	-2127122600	-2127115853
1	-3	7	-10707	10763	5484	9	-2127110837	-2127104454
0	-2	5	-10707	10763	5484	9	-2127099431	-2127092364
1	-2	9	-10708	10763	5484	9	-2127087341	-2127079069
1	-1	4	-10708	10762	5484	9	-2127074021	-2127067474
1	-1	5	-10708	10762	5484	9	-2127062449	-2127055649
0	-2	6	-10708	10762	5484	9	-2127050628	-2127044435
1	-2	7	-10708	10762	5484	9	-2127039412	-2127032419
1	0	6	-10708	10762	5483	9	-2127027396	-2127021442
2	-1	6	-10708	10762	5483	9	-2127016420	-2127008011
1	-2	3	-10708	10762	5483	9	-2127002989	-2126995774
1	-3	1	-10708	10762	5483	9	-2126990753	-2126984258
1	-2	7	-10708	10762	5483	9	-2126979236	-2126973605
2	-3	2	-10709	10762	5483	9	-2126968583	-2126960837
1	-1	5	-10709	10762	5483	9	-2126955808	-2126947376
1	-1	7	-10709	10762	5483	9	-2126942353	-2126935202
1	-3	7	-10709	10761	5483	9	-2126930180	-2126924123
1	-3	4	-10709	10761	5483	9	-2126919101	-2126912345
1	-1	6	-10709	10761	5483	9	-2126907322	-2126899131
1	0	2	-10709	10761	5483	9	-2126894113	-2126886189
1	-2	5	-10709	10761	5483	9	-2126881169	-2126874401
2	-1	3	-10709	10761	5483	9	-2126869356	-2126863376
2	-1	4	-10709	10761	5483	9	-2126858353	-2126850925
1	1	4	-10709	10761	5483	9	-2126845905	-2126837602
1	0	4	-10709	10761	5483	9	-2126832584	-2126825107
0	-3	8	-10709	10761	5483	9	-2126820084	-2126813724
2	1	9	-10710	10761	5483	9	-2126808701	-2126801785
0	-1	4	-10710	10761	5483	9	-2126796762	-2126788377
0	-1	5	-10710	10761	5483	9	-2126783354	-2126775445
0	0	8	-10710	10760	5483	9	-2126770423	-2126763456
0	0	7	-10710	10760	5483	9	-2126758426	-2126751457
1	-2	7	-10710	10760	5483	9	-2126746436	-2126738185
1	-2	7	-10710	10760	5483	8	-2126733166	-2126725362
1	-3	6	-10710	10760	5483	8	-2126720340	-2126713915
0	0	4	-10711	10760	5483	8	-2126708889	-2126702316
1	-1	1	-10711	10760	5483	8	-2126697293	-2126689289
2	-1	3	-10711	10760	5483	8	-2126684270	-2126675747
2	0	6	-10711	10760	5483	8	-2126670724	-2126664292
1	-3	7	-10711	10760	5483	8	-2126659275	-2126652316
1	-1	0	-10711	10760	5483	8	-2126647293	-2126639255
2	-1	3	-10711	10760	5483	8	-2126634238	-2126625655
1	0	5	-10711	10760	5483	8	-2126620634	-2126614129
0	-2	8	-10711	10759	5483	8	-2126609112	-2126602564
0	0	7	-10711	10759	5483	8	-2126597543	-2126590345
1	-1	6	-10711	10759	5483	8	-2126585326	-2126576912
1	0	7	-10711	10759	5483	8	-2126571889	-2126564984
0	-1	2	-10711	10759	5483	8	-2126559929	-2126552869
0	-1	5	-10711	10759	5483	8	-2126547837	-2126540458
1	-2	5	-10711	10759	5483	8	-2126535430	-2126526826
1	-3	6	-10711	10759	5483	8	-2126521801	-2126514687
1	-1	0	-10711	10759	5483	8	-2126509661	-2126502471
0	-3	5	-10711	10759	5483	8	-2126497446	-2126489666
0	-1	5	-10711	10759	5483	8	-2126484644	-2126475851
1	-2	4	-10711	10759	5483	8	-2126470825	-2126464107
0	-2	9	-10711	10759	5483	8	-2126459054	-2126452028
0	-2	3	-10711	10759	5483	8	-2126446998	-2126439001
3	-1	6	-10711	10759	5483	8	-2126433978	-2126425233
0	-1	7	-10711	10759	5483	8	-2126420208	-2126413203
0	0	4	-10711	10759	5483	8	-2126408183	-2126401070
0	-2	8	-10711	10759	5483	8	-2126396045	-2126387321
1	0	3	-10711	10759	5483	8	-2126382298	-2126374376
1	0	5	-10711	10759	5483	8	-2126369350	-2126362336
1	0	1	-10711	10759	5483	8	-2126357313	-2126350082
1	-2	4	-10711	10759	5483	8	-2126345056	-2126336378
2	-2	2	-10711	10759	5483	8	-2126331357	-2126323861
0	-1	5	-10711	10759	5483	8	-2126318835	-2126311569
0	0	6	-10711	10759	5483	8	-2126306548	-2126298737
1	-1	5	-10711	10759	5483	8	-2126293712	-2126285202
0	0	6	-10711	10759	5483	8	-2126280180	-2126273245
0	-1	5	-10711	10759	5483	8	-2126268217	-2126261405
0	0	4	-10711	10759	5483	8	-2126256385	-2126247396
0	-1	7	-10711	10759	5483	8	-2126242360	-2126234349
1	-1	5	-10711	10759	5483	8	-2126229325	-2126222688
0	1	5	-10711	10759	5483	8	-2126217664	-2126210409
1	-1	3	-10711	10759	5483	8	-2126205386	-2126196836
1	-3	3	-10711	10759	5483	8	-2126191811	-2126184021
0	-2	4	-10711	10759	5483	8	-2126178995	-2126172342
1	-1	1	-10711	10759	5483	8	-2126167318	-2126160115
1	-2	5	-10711	10759	5483	8	-2126155092	-2126146225
0	-1	2	-10711	10759	5483	8	-2126141186	-2126133728
1	0	4	-10711	10759	5483	8	-2126128701	-2126122132
1	0	5	-10711	10759	5483	8	-2126117111	-2126109850
1	-1	1	-10711	10759	5483	8	-2126104829	-2126096450
1	-1	1	-10711	10759	5483	8	-2126091424	-2126083719
1	-1	7	-10711	10759	5483	8	-2126078694	-2126072083
0	0	6	-10711	10759	5483	8	-2126067056	-2126060104
1	-3	6	-10711	10759	5483	8	-2126055082	-2126046370
0	0	1	-10711	10759	5483	8	-2126041333	-2126033457
1	0	6	-10711	10759	5483	8	-2126028432	-2126021809
2	-2	4	-10711	10759	5483	8	-2126016784	-2126009579
0	-2	5	-10711	10759	5483	8	-2126004557	-2125996085
2	-1	3	-10711	10759	5483	8	-2125991059	-2125983428
1	-1	5	-10711	10759	5483	8	-2125978403	-2125971780
2	-1	2	-10711	10759	5483	8	-2125966755	-2125959776
1	-3	4	-10711	10759	5483	8	-2125954756	-2125946225
2	0	1	-10711	10759	5483	8	-2125941200	-2125933233
1	-2	5	-10711	10759	5483	8	-2125928208	-2125921572
1	0	6	-10711	10759	5483	8	-2125916547	-2125909399
1	0	3	-10711	10759	5483	8	-2125904378	-2125895775
2	-1	4	-10711	10759	5483	8	-2125890749	-2125883119
0	1	4	-10711	10759	5483	8	-2125878093	-2125871461
1	0	1	-10711	10759	5483	8	-2125866435	-2125859262
1	0	5	-10711	10759	5483	8	-2125854241	-2125845303
1	-1	5	-10711	10759	5483	8	-2125840267	-2125832837
2	0	5	-10711	10759	5483	8	-2125827811	-2125821261
1	0	3	-10711	10759	5483	8	-2125816237	-2125809046
0	1	6	-10711	10759	5483	8	-2125804023	-2125795565
1	0	4	-10711	10759	5483	8	-2125790541	-2125782736
0	-1	7	-10711	10759	5483	8	-2125777712	-2125771115
1	-2	5	-10711	10759	5483	8	-2125766089	-2125758964
2	-5	4	-10711	10759	5483	8	-2125753943	-2125745376
0	-1	1	-10711	10759	5483	8	-2125740328	-2125732589
1	0	5	-10711	10759	5483	8	-2125727558	-2125720946
1	-1	5	-10711	10759	5483	8	-2125715920	-2125708670
0	0	5	-10711	10759	5483	8	-2125703649	-2125695195
0	0	3	-10711	10759	5483	8	-2125690169	-2125682463
1	0	2	-10711	10759	5483	8	-2125677437	-2125670829
1	0	5	-10711	10759	5483	8	-2125665801	-2125658696
0	0	5	-10711	10759	5483	8	-2125653674	-2125645086
0	0	4	-10711	10759	5483	8	-2125640061	-2125632386
1	0	3	-10711	10759	5483	8	-2125627360	-2125620410
2	0	7	-10711	10759	5483	8	-2125615371	-2125608007
1	-2	5	-10711	10759	5483	8	-2125602986	-2125594314
0	0	6	-10711	10759	5483	8	-2125589289	-2125581896
1	0	7	-10711	10759	5483	8	-2125576870	-2125570443
1	0	4	-10711	10759	5483	8	-2125565417	-2125558316
0	-1	6	-10711	10759	5483	8	-2125553293	-2125544841
1	0	4	-10711	10759	5483	8	-2125539814	-2125532189
1	-1	1	-10711	10759	5483	8	-2125527165	-2125520431
2	0	6	-10711	10759	5483	8	-2125515405	-2125508152
1	0	2	-10711	10759	5483	8	-2125503122	-2125494594
1	0	4	-10711	10759	5483	8	-2125489568	-2125481913
1	-1	5	-10711	10759	5483	8	-2125476886	-2125470259
1	-1	8	-10711	10759	5483	8	-2125465235	-2125458159
1	-2	6	-10711	10759	5483	8	-2125453137	-2125444641
0	-3	5	-10711	10759	5483	8	-2125439616	-2125431599
1	-2	8	-10711	10759	5483	8	-2125426562	-2125420092
1	0	0	-10711	10759	5483	8	-2125415065	-2125407838
2	-2	1	-10711	10759	5483	8	-2125402817	-2125394402
0	-2	5	-10711	10759	5483	8	-2125389376	-2125381693
1	1	0	-10711	10759	5483	8	-2125376669	-2125370032
2	0	6	-10711	10759	5483	8	-2125365008	-2125357836
1	-1	3	-10711	10759	5483	8	-2125352809	-2125344235
1	0	4	-10711	10759	5483	8	-2125339209	-2125331581
1	-1	1	-10711	10759	5483	8	-2125326557	-2125319944
1	1	1	-10711	10759	5483	8	-2125314918	-2125307954
0	-1	6	-10711	10759	5483	8	-2125302932	-2125294196
1	1	1	-10711	10759	5483	8	-2125289175	-2125281457
1	-2	4	-10711	10759	5483	8	-2125276432	-2125269710
2	0	1	-10711	10759	5483	8	-2125264685	-2125257053
1	-1	9	-10711	10759	5483	8	-2125252019	-2125243477
2	-1	6	-10711	10759	5483	8	-2125238451	-2125231179
0	-1	9	-10711	10759	5483	8	-2125226157	-2125219546
0	-1	4	-10711	10759	5483	8	-2125214521	-2125207333
1	0	7	-10711	10759	5483	8	-2125202311	-2125193858
1	-1	6	-10711	10759	5483	8	-2125188832	-2125181148
0	-1	5	-10711	10759	5483	8	-2125176121	-2125169492
3	0	6	-10711	10759	5483	8	-2125164467	-2125157447
2	-1	5	-10711	10759	5483	8	-2125152422	-2125143785
1	-1	4	-10711	10759	5483	8	-2125138758	-2125130962
0	-4	8	-10711	10759	5483	8	-2125125908	-2125119223
1	0	5	-10711	10759	5483	8	-2125114189	-2125106767
0	0	5	-10711	10759	5483	8	-2125101745	-2125093178
1	-1	0	-10711	10759	5483	8	-2125088153	-2125080582
0	0	5	-10711	10759	5483	8	-2125075558	-2125069078
1	0	8	-10711	10759	5483	8	-2125064020	-2125056598
0	-1	5	-10711	10759	5483	8	-2125051568	-2125042893
1	-1	5	-10711	10759	5483	8	-2125037869	-2125030519
1	0	1	-10711	10759	5483	8	-2125025494	-2125018445
2	0	5	-10711	10759	5483	8	-2125013406	-2125005685
0	-1	5	-10711	10759	5483	8	-2125000663	-2124992133
0	-1	5	-10711	10759	5483	8	-2124986650	-2124979850
0	0	6	-10711	10759	5483	8	-2124974825	-2124968556
1	0	6	-10711	10759	5483	8	-2124963529	-2124956023
0	0	5	-10711	10759	5483	8	-2124950998	-2124942551
2	0	4	-10711	10759	5483	8	-2124937526	-2124930102
1	0	5	-10711	10759	5483	8	-2124925075	-2124918522
0	-1	8	-10711	10759	5483	8	-2124913483	-2124906158
1	-1	5	-10711	10759	5483	8	-2124901133	-2124892636
2	0	2	-10711	10759	5483	8	-2124887609	-2124880143
2	1	2	-10711	10759	5483	8	-2124875117	-2124868554
2	0	3	-10711	10759	5483	8	-2124863529	-2124856427
1	-2	3	-10711	10759	5483	8	-2124851401	-2124842714
1	0	3	-10711	10759	5483	8	-2124837689	-2124830001
1	-2	7	-10711	10759	5483	8	-2124824976	-2124818074
0	0	3	-10711	10759	5483	8	-2124813038	-2124805637
2	0	3	-10711	10759	5483	8	-2124800615	-2124792097
1	0	5	-10711	10759	5483	8	-2124786615	-2124779475
1	-3	6	-10711	10759	5483	8	-2124774448	-2124767945
0	0	10	-10711	10759	5483	8	-2124762918	-2124755633
0	0	5	-10711	10759	5483	8	-2124750608	-2124741964
1	0	4	-10711	10759	5483	8	-2124736941	-2124729576
1	0	7	-10711	10759	5483	8	-2124724550	-2124717631
1	0	4	-10711	10759	5483	8	-2124712594	-2124704788
1	-1	6	-10711	10759	5483	8	-2124699767	-2124691160
0	0	6	-10711	10759	5483	8	-2124686138	-2124678916
0	-1	4	-10711	10759	5483	8	-2124673891	-2124667565
0	0	5	-10711	10759	5483	8	-2124662541	-2124655200
1	0	3	-10711	10759	5483	8	-2124650176	-2124641751
2	0	3	-10711	10759	5483	8	-2124636730	-2124629360
2	-1	5	-10711	10759	5483	8	-2124624333	-2124617418
1	-2	7	-10711	10759	5483	8	-2124612379	-2124604901
0	0	5	-10711	10759	5483	8	-2124599879	-2124591476
1	0	5	-10711	10759	5483	8	-2124586455	-2124579143
1	0	1	-10711	10759	5483	8	-2124574118	-2124567525
1	0	4	-10711	10759	5483	8	-2124562499	-2124555413
1	0	6	-10711	10759	5483	8	-2124550387	-2124541858
1	0	1	-10711	10759	5483	8	-2124536836	-2124529082
1	0	3	-10711	10759	5483	8	-2124524057	-2124517446
1	0	4	-10711	10759	5483	8	-2124512419	-2124505263
0	-1	2	-10711	10759	5483	8	-2124500241	-2124491662
1	0	3	-10711	10759	5483	8	-2124486641	-2124478926
1	-2	6	-10711	10759	5483	8	-2124473901	-2124467270
1	0	6	-10711	10759	5483	8	-2124461789	-2124454444
1	-2	6	-10711	10759	5483	8	-2124449417	-2124440932
2	0	1	-10711	10759	5483	8	-2124435903	-2124428591
0	0	4	-10711	10759	5483	8	-2124423565	-2124417095
1	0	1	-10711	10759	5483	8	-2124411586	-2124404176
1	-2	5	-10711	10759	5483	8	-2124399149	-2124390532
1	-1	5	-10711	10759	5483	8	-2124385511	-2124378159
0	-1	2	-10711	10759	5483	8	-2124373133	-2124366712
1	0	5	-10711	10759	5483	8	-2124361690	-2124354440
1	-1	5	-10711	10759	5483	8	-2124349414	-2124340790
0	1	3	-10711	10759	5483	8	-2124335767	-2124328444
1	-1	1	-10711	10759	5483	8	-2124323417	-2124316806
1	-1	4	-10711	10759	5483	8	-2124311783	-2124304642
1	-1	4	-10711	10759	5483	8	-2124299596	-2124291096
1	-1	6	-10711	10759	5483	8	-2124286071	-2124278413
1	0	4	-10711	10759	5483	8	-2124273389	-2124266688
1	-1	4	-10711	10759	5483	8	-2124261665	-2124254509
1	-1	5	-10711	10759	5483	8	-2124249485	-2124240824
0	-2	5	-10711	10759	5483	8	-2124235802	-2124228199
1	-2	5	-10711	10759	5483	8	-2124223174	-2124216544
1	0	5	-10711	10759	5483	8	-2124211524	-2124203982
0	-2	8	-10711	10759	5483	8	-2124198950	-2124190324
2	0	5	-10711	10759	5483	8	-2124185303	-2124177882
3	-2	1	-10711	10759	5483	8	-2124172857	-2124166254
0	0	7	-10711	10759	5483	8	-2124161229	-2124154218
2	-1	0	-10711	10759	5483	8	-2124149193	-2124140548
1	-2	4	-10711	10759	5483	8	-2124135527	-2124127864
1	1	5	-10711	10759	5483	8	-2124122842	-2124116284
1	0	5	-10711	10759	5483	8	-2124111261	-2124103991
1	-1	3	-10711	10759	5483	8	-2124098948	-2124090469
0	0	2	-10711	10759	5483	8	-2124085447	-2124077735
1	-1	4	-10711	10759	5483	8	-2124072710	-2124066075
1	2	7	-10711	10759	5483	8	-2124061053	-2124053901
1	-2	3	-10711	10759	5483	8	-2124048877	-2124040203
0	-1	5	-10711	10759	5483	8	-2124035181	-2124027474
1	0	7	-10711	10759	5483	8	-2124022448	-2124015825
2	-1	2	-10711	10759	5483	8	-2124010804	-2124003690
0	0	4	-10711	10759	5483	8	-2123998646	-2123990202
2	0	2	-10711	10759	5483	8	-2123985175	-2123977514
2	-2	3	-10711	10759	5483	8	-2123972489	-2123965851
0	0	8	-10711	10759	5483	8	-2123960829	-2123953814
1	-1	3	-10711	10759	5483	8	-2123948790	-2123940153
1	-1	5	-10711	10759	5483	8	-2123935130	-2123927351
1	-1	3	-10711	10759	5483	8	-2123922326	-2123915599
0	0	5	-10711	10759	5483	8	-2123910569	-2123903392
2	0	1	-10711	10759	5483	8	-2123898372	-2123889885
1	0	4	-10711	10759	5483	8	-2123884865	-2123877256
1	0	2	-10711	10759	5483	8	-2123872230	-2123865503
1	0	2	-10711	10759	5483	8	-2123860481	-2123853324
2	0	5	-10711	10759	5483	8	-2123848297	-2123839695
0	0	3	-10711	10759	5483	8	-2123834673	-2123827002
0	-1	3	-10711	10759	5483	8	-2123821977	-2123815347
0	-1	3	-10711	10759	5483	8	-2123810327	-2123803179
1	-1	4	-10711	10759	5483	8	-2123798130	-2123789477
2	-1	5	-10711	10759	5483	8	-2123784452	-2123776730
1	-2	5	-10711	10759	5483	8	-2123771705	-2123765083
2	-2	3	-10711	10759	5483	8	-2123760042	-2123752916
1	-2	5	-10711	10759	5483	8	-2123747885	-2123739443
2	-1	4	-10711	10759	5483	8	-2123734423	-2123726767
0	0	6	-10711	10759	5483	8	-2123721741	-2123715110
2	-2	5	-10711	10759	5483	8	-2123710090	-2123703071
1	-1	6	-10711	10759	5483	8	-2123697966	-2123688023
1	-3	5	-10711	10759	5483	8	-2123682986	-2123675770
1	-1	6	-10711	10759	5483	8	-2123670749	-2123664458
0	0	7	-10711	10759	5483	8	-2123659441	-2123652155
0	-2	5	-10711	10759	5483	8	-2123647133	-2123638606
0	-1	1	-10711	10759	5483	8	-2123633581	-2123626321
2	1	5	-10711	10759	5483	8	-2123621300	-2123614691
1	0	7	-10711	10759	5483	8	-2123609671	-2123602488
1	0	2	-10711	10759	5483	8	-2123597470	-2123588878
1	-2	0	-10711	10759	5483	8	-2123583850	-2123576183
1	-1	4	-10711	10759	5483	8	-2123571162	-2123564564
0	-1	6	-10711	10759	5483	8	-2123559547	-2123552422
0	0	7	-10711	10759	5483	8	-2123547402	-2123538869
1	-1	6	-10711	10759	5483	8	-2123533851	-2123526171
1	0	4	-10711	10759	5483	8	-2123521149	-2123514496
0	0	7	-10711	10759	5483	8	-2123509468	-2123502240
0	-1	8	-10711	10759	5483	8	-2123497224	-2123488765
1	0	1	-10711	10759	5483	8	-2123483749	-2123476011
0	0	4	-10711	10759	5483	8	-2123470989	-2123464374
2	0	5	-10711	10759	5483	8	-2123459355	-2123452362
1	0	4	-10711	10759	5483	8	-2123447341	-2123438743
0	0	0	-10711	10759	5483	8	-2123433726	-2123426049
2	0	3	-10711	10759	5483	8	-2123421028	-2123414275
0	-1	5	-10711	10759	5483	8	-2123409256	-2123402385
1	0	4	-10711	10759	5483	8	-2123397368	-2123388478
1	0	3	-10711	10759	5483	8	-2123383434	-2123375664
2	-2	5	-10711	10759	5483	8	-2123370644	-2123364022
1	-1	5	-10711	10759	5483	8	-2123359006	-2123351824
0	-1	5	-10711	10759	5483	8	-2123346804	-2123338187
1	0	3	-10711	10759	5483	8	-2123333169	-2123325467
0	-1	6	-10711	10759	5483	8	-2123320445	-2123313834
0	-2	5	-10711	10759	5483	8	-2123308813	-2123301639
1	-1	6	-10711	10759	5483	8	-2123296622	-2123288179
0	-2	5	-10711	10759	5483	8	-2123283144	-2123275367
1	0	5	-10711	10759	5483	8	-2123270340	-2123263700
2	0	3	-10711	10759	5483	8	-2123258683	-2123251616
2	0	3	-10711	10759	5483	8	-2123246593	-2123238083
1	0	3	-10711	10759	5483	8	-2123233067	-2123225406
1	0	5	-10711	10759	5483	8	-2123220385	-2123213680
2	0	4	-10711	10759	5483	8	-2123208649	-2123201560
0	-2	4	-10711	10759	5483	8	-2123196542	-2123187898
0	1	5	-10711	10759	5483	8	-2123182881	-2123174934
1	-1	2	-10711	10759	5483	8	-2123169900	-2123163415
1	0	5	-10711	10759	5483	8	-2123158398	-2123151272
1	0	5	-10711	10759	5483	8	-2123146250	-2123137718
1	-1	5	-10711	10759	5483	8	-2123132699	-2123124907
0	0	11	-10711	10759	5483	8	-2123119889	-2123113246
0	0	6	-10711	10759	5483	8	-2123108217	-2123101073
1	0	2	-10711	10759	5483	8	-2123096056	-2123087603
1	-1	0	-10711	10759	5483	8	-2123082584	-2123074832
1	0	6	-10711	10759	5483	8	-2123069812	-2123063144
0	0	9	-10711	10759	5483	8	-2123058126	-2123051158
1	-1	2	-10711	10759	5483	8	-2123046135	-2123037490
2	-2	1	-10711	10759	5483	8	-2123032472	-2123024735
0	-1	6	-10711	10759	5483	8	-2123019713	-2123013031
0	-1	9	-10711	10759	5483	8	-2123008014	-2123000996
1	0	4	-10711	10759	5483	8	-2122995979	-2122987359
1	-1	4	-10711	10759	5483	8	-2122982341	-2122974314
2	0	5	-10711	10759	5483	8	-2122969282	-2122962779
1	0	7	-10711	10759	5483	8	-2122957761	-2122950734
0	0	5	-10711	10759	5483	8	-2122945713	-2122936865
1	0	6	-10711	10759	5483	8	-2122931848	-2122924134
1	0	5	-10711	10759	5483	8	-2122919111	-2122912607
1	-1	4	-10711	10759	5483	8	-2122907585	-2122900430
0	1	5	-10711	10759	5483	8	-2122895413	-2122886926
1	0	3	-10711	10759	5483	8	-2122881909	-2122874202
0	0	6	-10711	10759	5483	8	-2122869181	-2122861945
1	0	2	-10711	10759	5483	8	-2122856915	-2122849338
0	0	4	-10711	10759	5483	8	-2122844313	-2122835814
0	-1	7	-10711	10759	5483	8	-2122830791	-2122823611
0	0	7	-10711	10759	5483	8	-2122818585	-2122812023
0	-1	5	-10711	10759	5483	8	-2122807002	-2122799534
1	-1	6	-10711	10759	5483	8	-2122794513	-2122786001
2	-1	3	-10711	10759	5483	8	-2122780980	-2122773398
0	0	6	-10711	10759	5483	8	-2122768360	-2122761813
0	-1	8	-10711	10759	5483	8	-2122756791	-2122749424
2	1	2	-10711	10759	5483	8	-2122744400	-2122735948
0	0	2	-10711	10759	5483	8	-2122730925	-2122723595
1	-2	6	-10711	10759	5483	8	-2122718569	-2122712012
0	-2	10	-10711	10759	5483	8	-2122706989	-2122699902
1	0	6	-10711	10759	5483	8	-2122694877	-2122686378
1	0	5	-10711	10759	5483	8	-2122681357	-2122673700
0	0	7	-10711	10759	5483	8	-2122668663	-2122661975
1	0	7	-10711	10759	5483	8	-2122656951	-2122649800
1	0	5	-10711	10759	5483	8	-2122644774	-2122636169
1	-1	3	-10711	10759	5483	8	-2122631146	-2122623418
0	-1	4	-10711	10759	5483	8	-2122618393	-2122611727
2	0	5	-10711	10759	5483	8	-2122606705	-2122599640
0	1	7	-10711	10759	5483	8	-2122594602	-2122585947
0	0	5	-10711	10759	5483	8	-2122580925	-2122573258
1	0	6	-10711	10759	5483	8	-2122568233	-2122561261
1	0	6	-10711	10759	5483	8	-2122556226	-2122548869
1	0	6	-10711	10759	5483	8	-2122543843	-2122535362
0	0	4	-10711	10759	5483	8	-2122530340	-2122523027
2	0	5	-10711	10759	5483	8	-2122518000	-2122511387
0	-1	5	-10711	10759	5483	8	-2122506365	-2122499222
1	1	6	-10711	10759	5483	8	-2122494199	-2122485694
3	0	4	-10711	10759	5483	8	-2122480673	-2122472986
1	-2	5	-10711	10759	5483	8	-2122467961	-2122461219
0	0	7	-10711	10759	5483	8	-2122456185	-2122449122
0	0	6	-10711	10759	5483	8	-2122444096	-2122435629
1	0	5	-10711	10759	5483	8	-2122430609	-2122422977
0	1	6	-10711	10759	5483	8	-2122417952	-2122411136
0	-1	9	-10711	10759	5483	8	-2122406116	-2122398973
0	-1	4	-10711	10759	5483	8	-2122393953	-2122385467
1	-1	5	-10711	10759	5483	8	-2122380445	-2122372762
1	0	5	-10711	10759	5483	8	-2122367737	-2122360637
0	-1	8	-10711	10759	5483	8	-2122355602	-2122348235
2	0	5	-10711	10759	5483	8	-2122343209	-2122334609
0	0	5	-10711	10759	5483	8	-2122329588	-2122322247
1	-1	5	-10711	10759	5483	8	-2122317222	-2122310737
1	-2	7	-10711	10759	5483	8	-2122305716	-2122298639
0	0	7	-10711	10759	5483	8	-2122293617	-2122285154
0	0	4	-10711	10759	5483	8	-2122280132	-2122272511
0	0	5	-10711	10759	5483	8	-2122267485	-2122260450
1	0	5	-10711	10759	5483	8	-2122255417	-2122247956
2	-1	3	-10711	10759	5483	8	-2122242931	-2122234446
1	0	0	-10711	10759	5483	8	-2122229425	-2122222116
0	-1	6	-10711	10759	5483	8	-2122217091	-2122210532
1	-2	6	-10711	10759	5483	8	-2122205511	-2122198363
1	-1	4	-10711	10759	5483	8	-2122193341	-2122184847
1	-1	5	-10711	10759	5483	8	-2122179825	-2122172181
1	0	6	-10711	10759	5483	8	-2122167155	-2122160522
1	-4	2	-10711	10759	5483	8	-2122155486	-2122148319
2	-3	4	-10711	10759	5483	8	-2122143289	-2122134648
1	1	4	-10711	10759	5483	8	-2122129626	-2122122014
0	0	5	-10711	10759	5483	8	-2122116993	-2122110198
2	0	4	-10711	10759	5483	8	-2122105175	-2122098026
0	-2	3	-10711	10759	5483	8	-2122093005	-2122084549
0	-1	5	-10711	10759	5483	8	-2122079527	-2122071850
0	0	3	-10711	10759	5483	8	-2122066825	-2122060201
0	-2	7	-10711	10759	5483	8	-2122055178	-2122047707
1	0	4	-10711	10759	5483	8	-2122042670	-2122034093
1	-1	2	-10711	10759	5483	8	-2122029073	-2122021650
1	-1	7	-10711	10759	5483	8	-2122016624	-2122009933
1	0	3	-10711	10759	5483	8	-2122004909	-2121997775
1	0	7	-10711	10759	5483	8	-2121992753	-2121984264
0	-3	7	-10711	10759	5483	8	-2121979242	-2121971563
0	-1	3	-10711	10759	5483	8	-2121966537	-2121959907
0	0	8	-10711	10759	5483	8	-2121954868	-2121947680
1	0	5	-10711	10759	5483	8	-2121942649	-2121934159
1	0	2	-10711	10759	5483	8	-2121929137	-2121921453
2	-1	3	-10711	10759	5483	8	-2121916429	-2121909743
2	0	6	-10711	10759	5483	8	-2121904721	-2121897493
0	-3	6	-10711	10759	5483	8	-2121892471	-2121884000
1	-1	4	-10711	10759	5483	8	-2121878977	-2121871241
0	-1	5	-10711	10759	5483	8	-2121866214	-2121859573
1	-1	0	-10711	10759	5483	8	-2121854547	-2121846803
0	0	7	-10711	10759	5483	8	-2121841765	-2121833201
1	0	5	-10711	10759	5483	8	-2121828176	-2121820909
1	0	1	-10711	10759	5483	8	-2121815885	-2121809349
1	0	5	-10711	10759	5483	8	-2121804323	-2121797172
1	1	6	-10711	10759	5483	8	-2121792151	-2121783580
1	1	2	-10711	10759	5483	8	-2121778557	-2121770902
1	1	5	-10711	10759	5483	8	-2121765875	-2121759223
1	0	9	-10711	10759	5483	8	-2121754198	-2121747111
1	0	1	-10711	10759	5483	8	-2121742086	-2121733455
0	-1	4	-10711	10759	5483	8	-2121728433	-2121720722
2	-1	4	-10711	10759	5483	8	-2121715696	-2121709034
2	-1	4	-10711	10759	5483	8	-2121704009	-2121696894
0	0	8	-10711	10759	5483	8	-2121691873	-2121683399
1	-3	3	-10711	10759	5483	8	-2121678378	-2121670633
0	-3	3	-10711	10759	5483	8	-2121665606	-2121659023
1	0	8	-10711	10759	5483	8	-2121653997	-2121646555
1	-2	5	-10711	10759	5483	8	-2121641518	-2121633007
1	-2	2	-10711	10759	5483	8	-2121627981	-2121620417
1	-1	5	-10711	10759	5483	8	-2121615392	-2121608667
1	0	5	-10711	10759	5483	8	-2121603641	-2121596503
0	-2	5	-10711	10759	5483	8	-2121591482	-2121582904
1	0	5	-10711	10759	5483	8	-2121577878	-2121570191
2	0	1	-10711	10759	5483	8	-2121565165	-2121558263
1	1	5	-10711	10759	5483	8	-2121553215	-2121545965
0	-1	4	-10711	10759	5483	8	-2121540934	-2121532444
0	0	0	-10711	10759	5483	8	-2121527417	-2121520128
1	0	4	-10711	10759	5483	8	-2121515104	-2121508417
0	0	7	-10711	10759	5483	8	-2121503392	-2121496343
1	-4	5	-10711	10759	5483	8	-2121491322	-2121482868
0	-1	4	-10711	10759	5483	8	-2121477847	-2121470167
0	0	4	-10711	10759	5483	8	-2121465142	-2121458451
2	0	4	-10711	10759	5483	8	-2121453424	-2121443551
1	0	4	-10711	10759	5483	8	-2121437166	-2121429538
1	0	4	-10711	10759	5483	8	-2121424502	-2121417250
0	0	1	-10711	10759	5483	8	-2121411755	-2121406117
1	0	5	-10711	10759	5483	8	-2121401091	-2121392477
0	0	5	-10711	10759	5483	8	-2121386993	-2121379686
0	0	2	-10711	10759	5483	8	-2121374659	-2121367729
2	-1	6	-10711	10759	5483	8	-2121362704	-2121357040
0	0	5	-10711	10759	5483	8	-2121352016	-2121344026
0	-1	5	-10711	10759	5483	8	-2121338990	-2121330279
1	0	2	-10711	10759	5483	8	-2121325248	-2121318232
0	0	6	-10711	10759	5483	8	-2121313206	-2121307221
1	1	5	-10711	10759	5483	8	-2121302195	-2121294461
2	-1	5	-10711	10759	5483	8	-2121289441	-2121280689
1	0	7	-10711	10759	5483	8	-2121275664	-2121268759
0	0	7	-10711	10759	5483	8	-2121263734	-2121257403
2	1	3	-10711	10759	5483	8	-2121252377	-2121245068
0	-1	10	-10711	10759	5483	8	-2121240041	-2121231456
0	0	8	-10711	10759	5483	8	-2121226418	-2121219058
1	0	5	-10711	10759	5483	8	-2121214032	-2121207524
1	-1	3	-10711	10759	5483	8	-2121202499	-2121195429
1	0	1	-10711	10759	5483	8	-2121190407	-2121181955
1	0	0	-10711	10759	5483	8	-2121176928	-2121169196
2	0	5	-10711	10759	5483	8	-2121164169	-2121157591
0	-1	9	-10711	10759	5483	8	-2121152566	-2121145583
0	-1	7	-10711	10759	5483	8	-2121140557	-2121131989
1	-1	4	-10711	10759	5483	8	-2121126963	-2121119161
1	-2	5	-10711	10759	5483	8	-2121114134	-2121107380
0	-1	4	-10711	10759	5483	8	-2121102355	-2121095262
1	0	6	-10711	10759	5483	8	-2121090241	-2121081558
0	0	5	-10711	10759	5483	8	-2121076531	-2121068876
1	0	5	-10711	10759	5483	8	-2121063849	-2121057176
1	0	4	-10711	10759	5483	8	-2121052150	-2121045063
2	0	5	-10711	10759	5483	8	-2121040038	-2121031462
0	1	5	-10711	10759	5483	8	-2121026435	-2121018878
1	-1	6	-10711	10759	5483	8	-2121013853	-2121007008
2	-1	1	-10711	10759	5483	8	-2121001988	-2120994977
1	0	5	-10711	10759	5483	8	-2120989944	-2120981278
2	-1	4	-10711	10759	5483	8	-2120976253	-2120968632
1	-1	6	-10711	10759	5483	8	-2120963606	-2120956960
2	-2	4	-10711	10759	5483	8	-2120951936	-2120944799
0	0	5	-10711	10759	5483	8	-2120939773	-2120930841
2	-2	1	-10711	10759	5483	8	-2120925803	-2120918429
2	0	4	-10711	10759	5483	8	-2120913405	-2120906766
1	0	8	-10711	10759	5483	8	-2120901741	-2120894602
1	-1	1	-10711	10759	5483	8	-2120889581	-2120881035
1	-1	5	-10711	10759	5483	8	-2120876009	-2120868297
0	0	4	-10711	10759	5483	8	-2120863270	-2120856633
0	0	5	-10711	10759	5483	8	-2120851606	-2120844492
0	-2	12	-10711	10759	5483	8	-2120839465	-2120830792
1	-2	1	-10711	10759	5483	8	-2120825766	-2120818126
0	0	3	-10711	10759	5483	8	-2120813101	-2120806493
1	0	2	-10711	10759	5483	8	-2120801465	-2120794281
2	1	5	-10711	10759	5483	8	-2120789258	-2120780668
1	-1	5	-10711	10759	5483	8	-2120775641	-2120767969
2	-1	2	-10711	10759	5483	8	-2120762944	-2120756311
1	-1	7	-10711	10759	5483	8	-2120751286	-2120744186
1	0	7	-10711	10759	5483	8	-2120739161	-2120730559
1	0	4	-10711	10759	5483	8	-2120725521	-2120717809
1	0	3	-10711	10759	5483	8	-2120712777	-2120706143
2	-1	6	-10711	10759	5483	8	-2120701117	-2120693954
1	-1	6	-10711	10759	5483	8	-2120688932	-2120680465
0	-2	4	-10711	10759	5483	8	-2120675440	-2120667749
0	1	2	-10711	10759	5483	8	-2120662723	-2120656060
1	0	2	-10711	10759	5483	8	-2120651033	-2120643934
0	-2	7	-10711	10759	5483	8	-2120638909	-2120630243
1	0	5	-10711	10759	5483	8	-2120625219	-2120617408
0	1	7	-10711	10759	5483	8	-2120611901	-2120605563
1	0	4	-10711	10759	5483	8	-2120600537	-2120593109
1	-1	7	-10711	10759	5483	8	-2120588087	-2120579596
1	0	2	-10711	10759	5483	8	-2120574569	-2120567391
0	-1	8	-10711	10759	5483	8	-2120561908	-2120555409
0	0	6	-10711	10759	5483	8	-2120550384	-2120543005
1	1	3	-10711	10759	5483	8	-2120537981	-2120529365
1	-1	3	-10711	10759	5483	8	-2120524339	-2120516857
2	0	7	-10711	10759	5483	8	-2120511811	-2120505339
0	-1	5	-10711	10759	5483	8	-2120500313	-2120492921
1	-1	5	-10711	10759	5483	8	-2120487898	-2120479225
2	0	1	-10711	10759	5483	8	-2120474198	-2120466907
1	0	4	-10711	10759	5483	8	-2120461885	-2120455386
1	0	4	-10711	10759	5483	8	-2120450361	-2120443271
2	0	5	-10711	10759	5483	8	-2120438246	-2120429682
0	0	2	-10711	10759	5483	8	-2120424656	-2120416665
0	-1	6	-10711	10759	5483	8	-2120411619	-2120405190
1	1	6	-10711	10759	5483	8	-2120400166	-2120393082
1	0	7	-10711	10759	5483	8	-2120388057	-2120379539
0	-1	4	-10711	10759	5483	8	-2120374512	-2120366833
1	-1	5	-10711	10759	5483	8	-2120361812	-2120355192
1	0	8	-10711	10759	5483	8	-2120350166	-2120343031
1	-1	5	-10711	10759	5483	8	-2120338006	-2120329411
0	0	4	-10711	10759	5483	8	-2120324387	-2120316361
2	0	4	-10711	10759	5483	8	-2120311315	-2120304804
1	0	5	-10711	10759	5483	8	-2120299779	-2120292478
0	-2	5	-10711	10759	5483	8	-2120286996	-2120278640
1	-2	5	-10711	10759	5483	8	-2120273616	-2120266327
1	-2	7	-10711	10759	5483	8	-2120261302	-2120254877
1	-1	5	-10711	10759	5483	8	-2120249853	-2120242714
1	0	4	-10711	10759	5483	8	-2120237689	-2120229199
1	1	3	-10711	10759	5483	8	-2120224173	-2120216426
0	-1	5	-10711	10759	5483	8	-2120211378	-2120204728
2	0	4	-10711	10759	5483	8	-2120199699	-2120192611
1	1	5	-10711	10759	5483	8	-2120187119	-2120178412
2	0	4	-10711	10759	5483	8	-2120173385	-2120166100
1	0	4	-10711	10759	5483	8	-2120161079	-2120154579
1	-1	2	-10711	10759	5483	8	-2120149552	-2120142430
0	-1	3	-10711	10759	5483	8	-2120136948	-2120128289
2	-3	1	-10711	10759	5483	8	-2120123246	-2120115949
1	-2	2	-10711	10759	5483	8	-2120110926	-2120104377
0	-1	3	-10711	10759	5483	8	-2120099354	-2120092321
0	-1	5	-10711	10759	5483	8	-2120087304	-2120078632
1	1	4	-10711	10759	5483	8	-2120073610	-2120065942
0	0	4	-10711	10759	5483	8	-2120060923	-2120054325
1	0	4	-10711	10759	5483	8	-2120049303	-2120042132
0	0	8	-10711	10759	5483	8	-2120037115	-2120028452
1	-1	4	-10711	10759	5483	8	-2120023431	-2120013201
2	0	2	-10711	10759	5483	8	-2120008129	-2120002005
1	-1	2	-10711	10759	5483	8	-2119996969	-2119988381
0	-1	5	-10711	10759	5483	8	-2119983361	-2119975628
0	-1	7	-10711	10759	5483	8	-2119970601	-2119963402
1	1	3	-10711	10759	5483	8	-2119958381	-2119952740
0	0	7	-10711	10759	5483	8	-2119947715	-2119939568
1	-1	6	-10711	10759	5483	8	-2119934548	-2119926190
1	-1	4	-10711	10759	5483	8	-2119921165	-2119914190
1	0	2	-10711	10759	5483	8	-2119909169	-2119902768
0	0	5	-10711	10759	5483	8	-2119897730	-2119889675
1	1	6	-10711	10759	5483	8	-2119884653	-2119876126
1	0	5	-10711	10759	5483	8	-2119871101	-2119864093
1	0	3	-10711	10759	5483	8	-2119859073	-2119853067
1	0	3	-10711	10759	5483	8	-2119848041	-2119840499
1	-1	4	-10711	10759	5483	8	-2119835476	-2119827008
2	0	4	-10711	10759	5483	8	-2119821981	-2119814518
0	0	5	-10711	10759	5483	8	-2119809491	-2119802846
0	1	5	-10711	10759	5483	8	-2119797810	-2119790133
1	-1	4	-10711	10759	5483	8	-2119785107	-2119776469
1	1	3	-10711	10759	5483	8	-2119771443	-2119764426
1	-1	1	-10711	10759	5483	8	-2119759402	-2119753126
0	-1	2	-10711	10759	5483	8	-2119748099	-2119740815
0	-2	6	-10711	10759	5483	8	-2119735793	-2119727070
0	0	5	-10711	10759	5483	8	-2119722045	-2119714802
2	0	2	-10711	10759	5483	8	-2119709780	-2119703176
1	0	5	-10711	10759	5483	8	-2119698150	-2119690826
1	1	1	-10711	10759	5483	8	-2119685794	-2119677259
1	0	2	-10711	10759	5483	8	-2119672233	-2119664582
1	0	6	-10711	10759	5483	8	-2119659559	-2119653076
1	0	4	-10711	10759	5483	8	-2119648051	-2119640953
0	-1	7	-10711	10759	5483	8	-2119635930	-2119627334
0	0	2	-10711	10759	5483	8	-2119622307	-2119614647
1	0	5	-10711	10759	5483	8	-2119609626	-2119603022
1	-1	0	-10711	10759	5483	8	-2119597973	-2119590756
0	-1	5	-10711	10759	5483	8	-2119585728	-2119577095
1	-2	3	-10711	10759	5483	8	-2119572070	-2119564365
1	1	5	-10711	10759	5483	8	-2119559345	-2119552792
0	1	7	-10711	10759	5483	8	-2119547766	-2119540799
1	-2	8	-10711	10759	5483	8	-2119535777	-2119527305
0	-1	3	-10711	10759	5483	8	-2119522278	-2119514426
0	0	3	-10711	10759	5483	8	-2119509401	-2119502622
1	-1	3	-10711	10759	5483	8	-2119497534	-2119490377
2	0	5	-10711	10759	5483	8	-2119485339	-2119476896
1	-2	3	-10711	10759	5483	8	-2119471872	-2119464274
1	0	5	-10711	10759	5483	8	-2119459252	-2119452524
2	0	5	-10711	10759	5483	8	-2119447497	-2119440489
1	0	5	-10711	10759	5483	8	-2119435466	-2119426893
1	0	4	-10711	10759	5483	8	-2119421869	-2119414144
1	0	2	-10711	10759	5483	8	-2119409124	-2119402375
0	0	4	-10711	10759	5483	8	-2119397350	-2119390343
1	-2	3	-10711	10759	5483	8	-2119385295	-2119376682
2	0	3	-10711	10759	5483	8	-2119371651	-2119363913
2	0	4	-10711	10759	5483	8	-2119358890	-2119352221
1	-1	7	-10711	10759	5483	8	-2119347197	-2119340206
0	-1	4	-10711	10759	5483	8	-2119335185	-2119326592
0	0	3	-10711	10759	5483	8	-2119321568	-2119313810
1	0	7	-10711	10759	5483	8	-2119308788	-2119302065
1	0	5	-10711	10759	5483	8	-2119297040	-2119289733
1	-1	6	-10711	10759	5483	8	-2119284696	-2119276235
1	1	4	-10711	10759	5483	8	-2119271209	-2119263585
0	-2	6	-10711	10759	5483	8	-2119258560	-2119251943
1	-1	5	-10711	10759	5483	8	-2119246918	-2119239931
0	0	6	-10711	10759	5483	8	-2119234909	-2119226362
1	-1	1	-10711	10759	5483	8	-2119221337	-2119213531
2	1	3	-10711	10759	5483	8	-2119208509	-2119201779
1	-1	5	-10711	10759	5483	8	-2119196755	-2119189325
2	0	4	-10711	10759	5483	8	-2119184290	-2119175719
0	0	4	-10711	10759	5483	8	-2119170694	-2119163178
0	0	6	-10711	10759	5483	8	-2119158157	-2119151543
1	0	5	-10711	10759	5483	8	-2119146518	-2119139452
2	-1	5	-10711	10759	5483	8	-2119134429	-2119125737
2	-2	4	-10711	10759	5483	8	-2119120714	-2119112980
1	1	8	-10711	10759	5483	8	-2119107959	-2119101355
1	0	7	-10711	10759	5483	8	-2119096329	-2119089196
1	-1	1	-10711	10759	5483	8	-2119084150	-2119075611
1	-1	0	-10711	10759	5483	8	-2119070582	-2119062927
1	-1	3	-10711	10759	5483	8	-2119057905	-2119051298
1	-1	5	-10711	10759	5483	8	-2119046272	-2119039116
1	-2	9	-10711	10759	5483	8	-2119034093	-2119025517
1	0	3	-10711	10759	5483	8	-2119020493	-2119012759
2	0	4	-10711	10759	5483	8	-2119007738	-2119001098
0	-1	8	-10711	10759	5483	8	-2118996073	-2118988874
2	2	1	-10711	10759	5483	8	-2118983830	-2118975423
1	0	3	-10711	10759	5483	8	-2118970393	-2118962602
0	0	6	-10711	10759	5483	8	-2118957581	-2118950967
1	1	6	-10711	10759	5483	8	-2118945942	-2118938768
2	0	5	-10711	10759	5483	8	-2118933748	-2118925159
1	-1	1	-10711	10759	5483	8	-2118920134	-2118912411
1	-1	5	-10711	10759	5483	8	-2118907389	-2118900831
0	-1	6	-10711	10759	5483	8	-2118895809	-2118888900
1	0	4	-10711	10759	5483	8	-2118883875	-2118874966
1	1	4	-10711	10759	5483	8	-2118869928	-2118862248
0	0	7	-10711	10759	5483	8	-2118857226	-2118850626
2	-1	4	-10711	10759	5483	8	-2118845600	-2118838490
0	0	5	-10711	10759	5483	8	-2118833469	-2118824817
1	0	5	-10711	10759	5483	8	-2118819792	-2118812038
0	0	6	-10711	10759	5483	8	-2118807018	-2118800414
0	-1	5	-10711	10759	5483	8	-2118795389	-2118788269
0	-2	3	-10711	10759	5483	8	-2118783249	-2118774748
0	0	2	-10711	10759	5483	8	-2118769710	-2118761997
1	0	5	-10711	10759	5483	8	-2118756977	-2118750307
0	0	7	-10711	10759	5483	8	-2118745280	-2118738197
0	0	5	-10711	10759	5483	8	-2118733175	-2118724548
1	0	1	-10711	10759	5483	8	-2118719523	-2118711792
3	0	5	-10711	10759	5483	8	-2118706769	-2118699949
0	0	7	-10711	10759	5483	8	-2118694903	-2118687462
1	-1	7	-10711	10759	5483	8	-2118682440	-2118673825
1	-2	4	-10711	10759	5483	8	-2118668804	-2118661531
1	0	4	-10711	10759	5483	8	-2118656513	-2118649964
1	-1	3	-10711	10759	5483	8	-2118644941	-2118637931
1	1	3	-10711	10759	5483	8	-2118632913	-2118624248
1	0	2	-10711	10759	5483	8	-2118619226	-2118611494
0	-1	6	-10711	10759	5483	8	-2118606475	-2118599840
1	0	9	-10711	10759	5483	8	-2118594820	-2118587750
1	0	4	-10711	10759	5483	8	-2118582734	-2118572437
2	0	4	-10711	10759	5483	8	-2118567392	-2118560139
0	0	7	-10711	10759	5483	8	-2118555117	-2118549116
2	0	6	-10711	10759	5483	8	-2118544093	-2118536503
1	-1	7	-10711	10759	5483	8	-2118531486	-2118523067
2	1	3	-10711	10759	5483	8	-2118518045	-2118510537
2	0	4	-10711	10759	5483	8	-2118505514	-2118499248
0	-1	9	-10711	10759	5483	8	-2118494228	-2118486714
1	0	4	-10711	10759	5483	8	-2118481697	-2118471636
0	0	7	-10711	10759	5483	8	-2118466596	-2118459743
0	0	4	-10711	10759	5483	8	-2118454717	-2118448728
2	0	7	-10711	10759	5483	8	-2118443702	-2118436143
2	0	5	-10711	10759	5483	8	-2118431121	-2118422742
0	0	5	-10711	10759	5483	8	-2118417715	-2118410448
1	0	6	-10711	10759	5483	8	-2118405425	-2118398952
0	0	7	-10711	10759	5483	8	-2118393926	-2118386411
0	0	9	-10711	10759	5483	8	-2118381389	-2118372965
1	-2	4	-10711	10759	5483	8	-2118367939	-2118360636
1	0	6	-10711	10759	5483	8	-2118355613	-2118349114
1	-1	5	-10711	10759	5483	8	-2118344089	-2118337000
2	0	5	-10711	10759	5483	8	-2118331978	-2118323326
2	-2	5	-10711	10759	5483	8	-2118318301	-2118310543
1	-1	4	-10711	10759	5483	8	-2118305521	-2118298916
1	-1	5	-10711	10759	5483	8	-2118293891	-2118286810
1	-2	6	-10711	10759	5483	8	-2118281786	-2118273160
0	-1	3	-10711	10759	5483	8	-2118268134	-2118260332
1	0	8	-10711	10759	5483	8	-2118255309	-2118248827
1	-1	3	-10711	10759	5483	8	-2118243801	-2118236655
1	0	5	-10711	10759	5483	8	-2118231633	-2118223058
1	0	3	-10711	10759	5483	8	-2118218032	-2118210298
0	-2	3	-10711	10759	5483	8	-2118205277	-2118198673
2	0	5	-10711	10759	5483	8	-2118193648	-2118186499
1	0	4	-10711	10759	5483	8	-2118181464	-2118172879
2	-2	3	-10711	10759	5483	8	-2118167853	-2118159971
0	0	8	-10711	10759	5483	8	-2118154937	-2118148437
0	-1	5	-10711	10759	5483	8	-2118143411	-2118136329
1	0	1	-10711	10759	5483	8	-2118131309	-2118122667
1	0	2	-10711	10759	5483	8	-2118117645	-2118109838
0	0	5	-10711	10759	5483	8	-2118104817	-2118098344
1	-1	4	-10711	10759	5483	8	-2118093318	-2118086207
1	0	4	-10711	10759	5483	8	-2118081185	-2118072599
1	0	3	-10711	10759	5483	8	-2118067574	-2118059485
2	0	6	-10711	10759	5483	8	-2118054446	-2118047967
1	0	5	-10711	10759	5483	8	-2118042941	-2118035638
1	0	5	-10711	10759	5483	8	-2118030615	-2118021860
0	1	4	-10711	10759	5483	8	-2118016835	-2118009459
2	0	0	-10711	10759	5483	8	-2118004432	-2117998010
0	0	4	-10711	10759	5483	8	-2117992985	-2117985861
0	1	6	-10711	10759	5483	8	-2117980831	-2117972392
1	0	5	-10711	10759	5483	8	-2117967366	-2117959620
1	-1	5	-10711	10759	5483	8	-2117954595	-2117947882
0	0	5	-10711	10759	5483	8	-2117942857	-2117935667
1	-1	8	-10711	10759	5483	8	-2117930644	-2117922238
1	1	0	-10711	10759	5483	8	-2117917213	-2117909459
1	0	4	-10711	10759	5483	8	-2117904432	-2117897828
1	0	9	-10711	10759	5483	8	-2117892803	-2117885786
1	-2	3	-10711	10759	5483	8	-2117880765	-2117872212
1	-1	4	-10711	10759	5483	8	-2117867187	-2117858721
1	0	3	-10711	10759	5483	8	-2117853682	-2117847181
1	0	4	-10711	10759	5483	8	-2117842153	-2117834800
3	-1	3	-10711	10759	5483	8	-2117829777	-2117821290
0	0	4	-10711	10759	5483	8	-2117816265	-2117808879
1	0	7	-10711	10759	5483	8	-2117803853	-2117797382
0	-1	7	-10711	10759	5483	8	-2117792355	-2117785213
2	0	3	-10711	10759	5483	8	-2117780193	-2117771652
1	-1	5	-10711	10759	5483	8	-2117766627	-2117758996
0	0	4	-10711	10759	5483	8	-2117753947	-2117747315
1	0	8	-10711	10759	5483	8	-2117742285	-2117735114
1	0	5	-10711	10759	5483	8	-2117730093	-2117721505
1	0	5	-10711	10759	5483	8	-2117716480	-2117708579
1	0	5	-10711	10759	5483	8	-2117703552	-2117697130
0	0	7	-10711	10759	5483	8	-2117692105	-2117684985
0	0	7	-10711	10759	5483	8	-2117679962	-2117671496
1	-3	1	-10711	10759	5483	8	-2117666470	-2117658699
1	0	4	-10711	10759	5483	8	-2117653673	-2117646686
2	-1	5	-10711	10759	5483	8	-2117641650	-2117634179
0	0	6	-10711	10759	5483	8	-2117629159	-2117620555
SUCCESSFUL.
/>
