6	-3	0	11563	-10881	-2542	70	1271156096	1271163441
7	-2	0	11563	-10881	-2542	70	1271168483	1271175646
8	2	-4	11563	-10881	-2542	70	1271180672	1271187982
7	0	1	11563	-10881	-2542	70	1271193004	1271201817
4	-3	0	11563	-10881	-2542	70	1271206842	1271214108
3	-3	1	11563	-10881	-2542	70	1271219129	1271226259
6	-1	0	11563	-10881	-2542	70	1271231283	1271238312
6	-2	2	11563	-10881	-2542	70	1271243334	1271252163
6	0	3	11563	-10881	-2542	70	1271257187	1271264273
4	-2	0	11563	-10881	-2542	70	1271269295	1271276239
5	-3	3	11563	-10881	-2542	70	1271281264	1271290318
4	-1	0	11563	-10881	-2542	70	1271295355	1271304314
5	-3	1	11563	-10881	-2542	70	1271309344	1271316334
5	-2	1	11563	-10881	-2542	70	1271321360	1271328526
4	-3	0	11563	-10881	-2542	70	1271333552	1271342240
3	-3	1	11563	-10881	-2542	70	1271347263	1271355170
4	-5	3	11563	-10881	-2542	70	1271360195	1271367498
5	-3	0	11563	-10881	-2542	70	1271372525	1271380545
5	-1	-3	11563	-10881	-2542	70	1271385571	1271394456
5	-2	2	11563	-10881	-2542	70	1271399493	1271406415
5	-2	0	11563	-10881	-2542	70	1271411440	1271418751
7	-1	-2	11563	-10881	-2542	70	1271423772	1271432455
5	-1	-2	11563	-10881	-2542	70	1271437482	1271445179
4	0	-1	11563	-10881	-2542	70	1271450205	1271456836
5	-3	1	11563	-10881	-2542	70	1271461863	1271468940
5	-2	0	11563	-10881	-2542	70	1271473965	1271482538
5	0	-2	11563	-10881	-2542	70	1271488019	1271495574
5	0	1	11563	-10881	-2542	70	1271500610	1271507083
4	0	3	11563	-10881	-2542	70	1271512109	1271519217
6	-1	0	11563	-10881	-2542	70	1271524239	1271532731
4	0	1	11563	-10881	-2542	70	1271538214	1271545725
6	1	0	11563	-10881	-2542	70	1271550752	1271557239
4	-1	2	11563	-10881	-2542	70	1271562266	1271569809
4	0	1	11563	-10881	-2542	70	1271574835	1271583477
6	-2	3	11563	-10881	-2542	70	1271588499	1271596067
7	0	0	11563	-10881	-2542	70	1271601106	1271607577
6	-2	0	11563	-10881	-2542	70	1271613059	1271620853
5	-2	2	11563	-10881	-2542	70	1271625882	1271634529
4	-1	2	11563	-10881	-2542	70	1271639551	1271646565
4	-2	1	11563	-10881	-2542	70	1271651591	1271657860
6	-1	2	11563	-10881	-2542	70	1271662890	1271670261
5	-3	2	11563	-10881	-2542	70	1271675287	1271683727
7	0	-2	11563	-10881	-2542	70	1271688748	1271696081
4	-2	1	11563	-10881	-2542	70	1271701107	1271707713
6	-1	1	11563	-10881	-2542	70	1271713196	1271720922
4	-2	1	11563	-10881	-2542	70	1271725945	1271734520
7	1	-1	11563	-10881	-2542	70	1271739542	1271746731
5	0	-1	11563	-10881	-2542	70	1271751757	1271758031
4	-2	2	11563	-10881	-2542	70	1271763052	1271770431
4	0	2	11563	-10881	-2542	70	1271775456	1271784116
5	-2	0	11563	-10881	-2542	70	1271789139	1271796758
6	0	-1	11563	-10881	-2542	70	1271801797	1271808267
7	-4	3	11563	-10881	-2542	70	1271813289	1271820673
6	1	0	11563	-10881	-2542	70	1271825699	1271834220
6	0	-2	11563	-10881	-2542	70	1271839253	1271846555
5	0	0	11563	-10881	-2542	70	1271851577	1271858057
7	-1	0	11563	-10881	-2542	70	1271863078	1271870170
5	0	-2	11563	-10881	-2542	70	1271875197	1271883781
8	0	0	11563	-10881	-2542	70	1271888803	1271896535
4	-2	4	11563	-10881	-2542	70	1271901577	1271908212
6	-2	0	11563	-10881	-2542	70	1271913238	1271920251
4	-2	0	11563	-10881	-2542	70	1271925281	1271933920
4	0	-2	11563	-10881	-2542	70	1271938940	1271946559
5	-2	2	11563	-10881	-2542	70	1271951584	1271958320
6	0	2	11563	-10881	-2542	70	1271963351	1271970431
6	-2	0	11563	-10881	-2542	70	1271975456	1271984067
4	-3	0	11563	-10881	-2542	70	1271989087	1271996769
5	-4	2	11563	-10881	-2542	70	1272001811	1272008469
4	0	0	11563	-10881	-2542	70	1272013494	1272020600
5	-1	1	11563	-10881	-2542	70	1272025626	1272034271
6	-1	-1	11563	-10881	-2542	70	1272039300	1272047006
5	-1	0	11563	-10881	-2542	70	1272052032	1272058650
4	1	3	11563	-10881	-2542	70	1272063673	1272070718
5	0	3	11563	-10881	-2542	70	1272075740	1272084374
7	0	1	11563	-10881	-2542	70	1272089402	1272097026
7	0	0	11563	-10881	-2542	70	1272102051	1272108783
7	2	0	11563	-10881	-2542	70	1272113804	1272120882
4	-2	0	11563	-10881	-2542	70	1272125911	1272134569
7	-1	-1	11563	-10881	-2542	70	1272139590	1272147307
5	-1	0	11563	-10881	-2542	70	1272152333	1272158938
5	-2	0	11564	-10880	-2541	70	1272163961	1272170820
5	0	-1	11565	-10879	-2541	70	1272175847	1272184222
5	0	-2	11567	-10877	-2541	71	1272189244	1272197209
6	0	0	11568	-10876	-2541	72	1272202234	1272208963
6	0	1	11569	-10874	-2541	73	1272213983	1272219618
7	-1	-1	11571	-10872	-2542	74	1272224639	1272231697
7	0	-2	11575	-10866	-2543	77	1272236731	1272245438
7	0	-4	11577	-10863	-2543	79	1272250464	1272257979
6	1	0	11580	-10859	-2544	82	1272263005	1272268879
8	0	-4	11583	-10855	-2545	84	1272273904	1272279681
8	1	-1	11587	-10850	-2546	87	1272284711	1272291757
8	3	-6	11591	-10844	-2547	90	1272296781	1272305159
8	1	-7	11601	-10831	-2549	98	1272310198	1272315927
9	2	-5	11608	-10822	-2550	103	1272320957	1272326897
9	6	-16	11615	-10812	-2551	110	1272331923	1272338846
11	5	-18	11624	-10799	-2553	118	1272343868	1272350208
15	3	-20	11634	-10786	-2555	126	1272355232	1272360876
14	9	-28	11645	-10770	-2558	136	1272365901	1272371536
18	8	-45	11657	-10753	-2561	147	1272376560	1272382327
17	9	-60	11688	-10708	-2569	178	1272387354	1272395976
16	6	-71	11710	-10677	-2571	198	1272401002	1272408427
20	3	-126	11734	-10643	-2573	221	1272413461	1272419386
16	-2	-123	11761	-10605	-2576	245	1272424420	1272431324
7	-8	-115	11791	-10562	-2580	18	1272436349	1272445026
22	-29	-83	11859	-10465	-2589	78	1272450051	1272458089
4	-38	-96	11899	-10407	-2591	110	1272463122	1272468811
0	-36	-97	11943	-10346	-2591	144	1272473837	1272479897
11	-41	-46	11988	-10283	-2589	176	1272484922	1272492037
0	-58	-44	12032	-10222	-2585	207	1272497063	1272505694
8	-77	-71	12116	-10107	-2573	4	1272510720	1272516857
8	-80	-132	12152	-10062	-2563	16	1272521896	1272528052
27	-64	-216	12183	-10028	-2545	16	1272533079	1272539987
36	-32	-159	12211	-10007	-2519	1	1272545007	1272552091
54	-18	-111	12236	-9996	-2482	228	1272557117	1272562827
634	649	-996	12261	-9986	-2438	198	1272567849	1272573484
706	58	-1254	12369	-9858	-2225	65	1272578509	1272586788
28	144	265	12414	-9805	-2077	144	1272592307	1272599344
-173	-673	492	12455	-9752	-1898	239	1272604375	1272613434
-514	-88	1858	12527	-9617	-1629	206	1272618496	1272624207
-1202	-716	1138	12566	-9531	-890	250	1272629238	1272637842
-83	-189	-505	12565	-9510	-844	52	1272642863	1272649955
41	-246	-362	12580	-9470	-852	96	1272654979	1272661061
-14	-201	-77	12615	-9414	-861	114	1272666094	1272671733
42	-249	-230	12653	-9366	-856	107	1272676759	1272684663
212	-276	-213	12713	-9317	-862	36	1272689686	1272698098
217	-159	-60	12731	-9310	-874	0	1272703123	1272710132
106	-140	-13	12738	-9309	-898	231	1272715155	1272721255
129	-52	41	12734	-9316	-933	219	1272726297	1272734304
86	-83	-18	12699	-9357	-1041	208	1272739324	1272747859
40	-15	81	12672	-9388	-1109	205	1272752883	1272759853
-63	130	217	12644	-9421	-1176	195	1272764888	1272770703
54	70	119	12625	-9455	-1219	166	1272775728	1272782893
68	78	148	12616	-9490	-1237	110	1272787913	1272796485
-1	125	233	12611	-9561	-1253	213	1272801511	1272809376
0	87	129	12614	-9597	-1249	116	1272814396	1272820444
10	66	9	12619	-9637	-1251	3	1272825941	1272833212
-54	363	443	12589	-9739	-1402	43	1272838249	1272846902
237	-321	-645	12559	-9748	-1553	59	1272851923	1272859623
-143	43	-70	12469	-9740	-1830	0	1272864650	1272870320
-116	-60	15	12355	-9729	-2142	226	1272875347	1272881678
268	13	37	12248	-9717	-2419	163	1272886704	1272894556
-1005	877	1385	12149	-9689	-2668	104	1272899581	1272908358
217	-338	-380	12135	-9700	-2628	141	1272913379	1272919273
15	745	686	11960	-9847	-2667	8	1272924310	1272930391
237	225	151	11916	-9900	-2652	20	1272935421	1272942305
59	-137	-53	11940	-9897	-2647	220	1272947331	1272955704
40	35	114	11961	-9900	-2656	154	1272960730	1272966686
10	13	38	11982	-9922	-2677	37	1272971712	1272977429
72	97	160	11994	-9926	-2675	250	1272982455	1272989775
43	342	293	12026	-9895	-2653	248	1272994796	1273002080
-7	-190	103	12080	-9844	-2582	1	1273007104	1273012759
257	-966	155	12135	-9799	-2487	3	1273017782	1273023417
77	215	-210	12151	-9791	-2509	221	1273028454	1273037170
-177	293	341	11938	-9788	-3063	201	1273042202	1273049894
98	-280	-148	11783	-9762	-3429	139	1273054919	1273061540
350	-228	-206	11628	-9752	-3720	62	1273066567	1273072203
4	-61	-15	11592	-9741	-3797	111	1273077229	1273084644
15	-12	-3	11574	-9736	-3855	119	1273089678	1273098217
16	-6	-5	11565	-9736	-3880	120	1273103242	1273110632
16	-20	-9	11558	-9735	-3904	120	1273115654	1273121459
13	-6	-3	11551	-9734	-3925	121	1273126944	1273134310
36	-2	-8	11545	-9733	-3952	116	1273139331	1273147904
18	-22	1	11546	-9733	-3955	111	1273152928	1273160344
0	-2	10	11546	-9733	-3959	107	1273165366	1273171140
-6	2	7	11546	-9734	-3962	104	1273176167	1273181850
5	-2	-8	11546	-9735	-3967	99	1273186877	1273193433
7	-5	-6	11545	-9736	-3971	94	1273198458	1273206403
10	-7	0	11546	-9736	-3975	90	1273211427	1273217297
8	-5	-2	11546	-9737	-3982	82	1273222323	1273228149
7	-3	1	11545	-9738	-3984	80	1273233171	1273240480
10	-7	-3	11545	-9738	-3987	77	1273245507	1273251922
7	-4	-2	11545	-9739	-3988	75	1273256947	1273262794
8	-2	-5	11545	-9739	-3990	74	1273267817	1273273452
3	-4	1	11545	-9739	-3991	72	1273278477	1273284112
3	-8	-2	11545	-9739	-3991	71	1273289132	1273297453
5	-2	-5	11546	-9739	-3992	70	1273302477	1273310533
1	3	3	11546	-9739	-3992	70	1273315555	1273321995
1	-1	0	11546	-9739	-3992	70	1273327018	1273334296
5	-3	-6	11546	-9739	-3992	70	1273339345	1273347584
6	-3	-4	11546	-9739	-3992	69	1273352611	1273360607
5	-1	-5	11546	-9739	-3992	69	1273365632	1273372236
2	0	0	11546	-9739	-3992	69	1273377261	1273383912
5	0	0	11546	-9739	-3992	69	1273388934	1273396723
3	-2	-1	11547	-9740	-3991	67	1273401747	1273410436
2	0	0	11547	-9740	-3990	67	1273415459	1273421982
3	0	0	11547	-9740	-3990	66	1273427008	1273434145
3	0	-4	11547	-9741	-3989	66	1273439178	1273447376
4	0	0	11547	-9741	-3989	66	1273452400	1273460828
4	-1	0	11547	-9741	-3989	66	1273465861	1273472401
3	-2	-1	11547	-9741	-3989	66	1273477427	1273484025
4	0	-2	11547	-9741	-3989	66	1273489046	1273496939
1	0	-1	11547	-9741	-3989	66	1273501965	1273510611
2	-2	0	11547	-9741	-3989	66	1273515631	1273522337
3	-1	1	11547	-9741	-3989	66	1273527363	1273534031
4	0	-2	11547	-9741	-3989	65	1273539064	1273546879
4	0	-1	11547	-9741	-3989	65	1273551907	1273560508
3	0	-1	11547	-9741	-3990	65	1273565541	1273572075
1	-3	-1	11547	-9741	-3990	65	1273577101	1273583631
5	2	-4	11547	-9741	-3990	65	1273588664	1273595969
6	0	0	11547	-9741	-3990	65	1273600995	1273609528
1	0	1	11547	-9741	-3990	65	1273614550	1273621284
2	0	0	11547	-9741	-3990	65	1273626311	1273632925
4	0	-6	11547	-9741	-3990	65	1273637948	1273645200
1	0	1	11547	-9741	-3990	65	1273650238	1273658751
3	-1	1	11547	-9741	-3990	65	1273663784	1273670554
2	-1	0	11547	-9741	-3990	65	1273675577	1273682365
4	0	-1	11547	-9741	-3990	65	1273687846	1273694201
4	0	-1	11547	-9741	-3990	65	1273699226	1273706508
3	-1	0	11547	-9741	-3990	65	1273711533	1273718526
2	-1	1	11547	-9741	-3990	65	1273723552	1273731518
2	-1	-3	11547	-9741	-3990	65	1273736540	1273743617
3	-3	0	11547	-9741	-3990	65	1273748654	1273755252
4	-1	-1	11547	-9741	-3990	65	1273760279	1273766008
2	0	0	11547	-9741	-3990	65	1273771034	1273779264
3	0	-1	11547	-9741	-3990	65	1273784288	1273791985
5	0	-2	11547	-9741	-3990	65	1273797011	1273803592
4	0	0	11547	-9741	-3990	65	1273808618	1273814364
2	1	1	11547	-9741	-3990	65	1273819385	1273826806
4	0	1	11547	-9741	-3990	65	1273831827	1273840066
2	0	-1	11547	-9741	-3990	65	1273845103	1273852470
4	0	-2	11547	-9741	-3990	65	1273857501	1273864027
4	-1	0	11547	-9741	-3990	65	1273869049	1273875861
4	-2	0	11547	-9741	-3990	65	1273880887	1273889243
2	-1	-1	11547	-9741	-3991	65	1273894265	1273902101
3	0	-3	11547	-9741	-3991	65	1273907127	1273913844
1	0	0	11547	-9741	-3991	64	1273918886	1273925303
3	0	-1	11547	-9741	-3991	64	1273930333	1273938462
4	0	0	11547	-9741	-3991	64	1273943484	1273951761
3	-1	0	11547	-9741	-3991	64	1273956787	1273963772
3	0	-2	11547	-9741	-3991	64	1273968793	1273975582
2	0	-1	11547	-9741	-3991	64	1273980608	1273988625
3	0	-3	11547	-9741	-3991	64	1273993647	1274001969
1	0	0	11547	-9741	-3991	64	1274006995	1274013909
3	-2	1	11547	-9741	-3991	64	1274018931	1274025352
2	-1	2	11547	-9740	-3991	64	1274030378	1274037888
4	0	-1	11547	-9740	-3991	64	1274043621	1274054422
3	0	1	11547	-9740	-3991	64	1274059471	1274065330
6	-1	0	11547	-9740	-3991	64	1274070351	1274077901
3	0	-1	11547	-9740	-3991	64	1274082928	1274091078
3	0	-1	11547	-9740	-3991	64	1274096103	1274103304
3	-2	0	11547	-9740	-3991	64	1274108330	1274115023
3	-2	0	11547	-9740	-3991	64	1274120044	1274127136
0	-2	1	11547	-9740	-3991	64	1274132196	1274140505
1	-1	-2	11547	-9740	-3991	64	1274145526	1274153117
2	-2	-1	11547	-9740	-3991	64	1274158144	1274164802
2	0	1	11547	-9740	-3991	64	1274169823	1274176910
3	0	0	11547	-9740	-3991	64	1274181936	1274190407
3	0	-1	11547	-9740	-3991	64	1274195430	1274203179
2	0	2	11547	-9740	-3991	64	1274208205	1274214844
4	0	-2	11547	-9740	-3991	64	1274219865	1274226975
4	-1	-2	11547	-9740	-3991	64	1274232000	1274240482
2	-1	0	11547	-9740	-3991	64	1274245503	1274253567
2	0	-1	11547	-9740	-3991	64	1274258603	1274265179
4	0	0	11547	-9740	-3991	64	1274270201	1274277528
1	1	0	11547	-9740	-3991	64	1274282554	1274291268
3	-1	-4	11547	-9740	-3991	64	1274296291	1274303571
2	0	2	11547	-9740	-3991	64	1274308595	1274315118
3	0	-2	11547	-9740	-3991	64	1274320140	1274327238
3	1	0	11547	-9740	-3991	64	1274332263	1274340823
4	-1	-2	11547	-9740	-3991	64	1274345846	1274353485
2	0	0	11547	-9740	-3991	64	1274358528	1274365296
2	0	0	11547	-9740	-3991	64	1274370327	1274377332
3	0	0	11547	-9740	-3991	64	1274382359	1274391019
3	-2	-5	11547	-9740	-3991	64	1274396041	1274403770
2	0	0	11547	-9740	-3991	64	1274408797	1274415455
4	0	0	11547	-9740	-3991	64	1274420480	1274427565
2	0	0	11547	-9740	-3991	64	1274432592	1274441143
3	0	0	11547	-9740	-3991	64	1274446166	1274453767
3	0	0	11547	-9740	-3991	64	1274458809	1274465536
3	0	0	11547	-9740	-3991	64	1274470567	1274477664
2	-1	3	11547	-9740	-3991	64	1274482688	1274491315
4	0	-3	11547	-9740	-3991	64	1274496335	1274504039
2	0	0	11547	-9740	-3991	64	1274509066	1274515691
3	2	-2	11547	-9740	-3991	64	1274520717	1274527798
3	0	0	11547	-9740	-3991	64	1274532823	1274541361
3	-1	0	11547	-9740	-3991	64	1274546383	1274554032
3	0	-3	11547	-9740	-3991	64	1274559056	1274565976
3	0	-2	11547	-9740	-3991	64	1274571013	1274578072
4	-1	0	11547	-9740	-3991	64	1274583098	1274591434
3	0	0	11547	-9740	-3991	64	1274596457	1274604140
3	0	2	11547	-9740	-3991	64	1274609165	1274615921
5	0	-1	11547	-9740	-3991	64	1274620947	1274628095
3	-1	-4	11547	-9740	-3991	64	1274633120	1274641684
6	0	-2	11547	-9740	-3991	64	1274646707	1274654412
3	0	0	11547	-9740	-3991	64	1274659437	1274666537
3	2	-1	11547	-9740	-3991	64	1274671576	1274678934
3	0	0	11547	-9740	-3991	64	1274683959	1274692438
2	0	-2	11547	-9740	-3991	64	1274697463	1274704668
3	0	-1	11547	-9740	-3991	64	1274709693	1274716351
1	-1	0	11547	-9740	-3991	64	1274721376	1274728426
2	0	0	11547	-9740	-3991	64	1274733453	1274741872
2	-1	0	11547	-9740	-3991	64	1274746899	1274754591
3	0	0	11547	-9740	-3991	64	1274759616	1274766661
2	-1	2	11547	-9740	-3991	64	1274771698	1274778948
3	0	-3	11547	-9740	-3991	64	1274783975	1274792541
4	0	-3	11547	-9740	-3991	64	1274797565	1274805000
2	0	-1	11547	-9740	-3991	64	1274810026	1274816553
2	-3	1	11547	-9740	-3991	64	1274821578	1274828679
3	0	1	11547	-9740	-3991	64	1274833706	1274842231
4	0	-1	11547	-9740	-3991	64	1274847254	1274854998
9	-5	0	11547	-9740	-3991	64	1274860023	1274866674
0	2	-1	11547	-9740	-3991	64	1274871715	1274878771
4	3	0	11547	-9740	-3991	64	1274883799	1274892463
-1	1	-6	11547	-9740	-3991	64	1274897488	1274905194
2	1	0	11547	-9740	-3991	64	1274910221	1274916874
3	0	-3	11547	-9740	-3991	64	1274921901	1274928988
-1	1	-3	11547	-9740	-3991	64	1274934013	1274942523
5	-1	-3	11547	-9740	-3991	64	1274947549	1274955222
4	-4	-2	11547	-9740	-3991	64	1274960247	1274966937
1	1	0	11547	-9740	-3991	64	1274971977	1274979090
6	-2	-2	11547	-9740	-3991	64	1274984119	1274992636
2	0	-3	11547	-9740	-3991	64	1274997661	1275005395
4	-1	-2	11547	-9740	-3991	64	1275010419	1275017062
2	0	-1	11547	-9740	-3991	64	1275022087	1275029182
3	1	-2	11547	-9740	-3991	64	1275034208	1275042876
2	1	-1	11547	-9740	-3991	64	1275047901	1275055621
3	0	0	11547	-9740	-3991	64	1275060647	1275067307
2	-1	0	11547	-9740	-3991	64	1275072333	1275079424
3	0	0	11547	-9740	-3991	64	1275084448	1275092920
4	1	-3	11547	-9740	-3991	64	1275097946	1275105548
3	0	-3	11547	-9740	-3991	64	1275110573	1275117325
3	0	2	11547	-9740	-3991	64	1275122352	1275129479
2	0	-3	11547	-9740	-3991	64	1275134506	1275142993
3	0	-4	11547	-9740	-3991	64	1275148019	1275155763
3	0	0	11547	-9740	-3991	64	1275160787	1275167518
2	0	0	11547	-9740	-3991	64	1275172544	1275179633
3	-1	0	11547	-9740	-3991	64	1275184659	1275193217
3	1	-3	11547	-9740	-3991	64	1275198243	1275205936
3	-1	0	11547	-9740	-3991	64	1275210960	1275217577
3	0	-1	11547	-9740	-3991	64	1275222602	1275229600
6	0	0	11547	-9740	-3991	64	1275234624	1275243225
3	0	-3	11547	-9740	-3991	64	1275248250	1275255924
5	0	0	11547	-9740	-3991	64	1275260951	1275267771
3	1	0	11547	-9740	-3991	64	1275272793	1275280271
3	0	0	11547	-9740	-3991	64	1275285310	1275293778
2	0	0	11547	-9740	-3991	64	1275298803	1275306258
3	0	-1	11547	-9740	-3991	64	1275311283	1275317864
3	1	-2	11547	-9740	-3991	64	1275322890	1275330061
3	-1	1	11547	-9740	-3991	64	1275335085	1275343659
3	1	-1	11547	-9740	-3991	64	1275348685	1275356725
3	1	1	11547	-9740	-3991	64	1275361766	1275368386
2	2	-1	11547	-9740	-3991	64	1275373415	1275380748
4	-1	0	11547	-9740	-3991	64	1275385773	1275394449
3	0	1	11547	-9740	-3991	64	1275399475	1275406814
2	1	-1	11547	-9740	-3991	64	1275411840	1275418270
3	-1	0	11547	-9740	-3991	64	1275423296	1275430379
2	-1	-1	11547	-9740	-3991	64	1275435405	1275443919
3	0	-2	11547	-9740	-3991	64	1275448944	1275456622
2	1	2	11547	-9740	-3991	64	1275461648	1275468314
3	0	0	11547	-9740	-3991	64	1275473341	1275485115
3	0	0	11547	-9740	-3991	64	1275490164	1275497408
2	0	0	11547	-9740	-3991	64	1275502435	1275509474
3	0	0	11547	-9740	-3991	64	1275514495	1275520130
2	-2	-2	11547	-9740	-3991	64	1275525155	1275533730
3	0	0	11547	-9740	-3991	64	1275538755	1275546681
3	0	0	11547	-9740	-3991	64	1275551706	1275558740
3	1	-1	11547	-9740	-3991	64	1275563770	1275569409
2	0	1	11547	-9740	-3991	64	1275574435	1275582220
3	-1	0	11547	-9740	-3991	64	1275587274	1275595889
3	0	-2	11547	-9740	-3991	64	1275600919	1275607872
2	1	2	11547	-9740	-3991	64	1275612892	1275619166
3	0	0	11547	-9740	-3991	64	1275624192	1275631566
3	-2	-2	11547	-9740	-3991	64	1275636592	1275645135
3	0	-5	11547	-9740	-3991	64	1275650160	1275657283
4	0	1	11547	-9740	-3991	64	1275662567	1275669047
4	0	0	11547	-9740	-3991	64	1275674074	1275681146
3	0	0	11547	-9740	-3991	64	1275686173	1275694936
3	0	-2	11547	-9740	-3991	64	1275699973	1275707462
3	1	0	11547	-9740	-3991	64	1275712959	1275719435
4	1	-1	11547	-9740	-3991	64	1275724461	1275731835
4	0	1	11547	-9740	-3991	64	1275736861	1275745382
4	1	-2	11547	-9740	-3991	64	1275750407	1275757710
4	0	0	11547	-9740	-3991	64	1275762732	1275769202
3	1	0	11547	-9740	-3991	64	1275774227	1275781379
5	0	-2	11547	-9740	-3991	64	1275786407	1275794886
2	1	0	11547	-9740	-3991	64	1275799922	1275807623
4	-2	0	11547	-9740	-3991	64	1275812646	1275819276
1	0	-2	11547	-9740	-3991	64	1275824301	1275831315
3	-2	0	11547	-9740	-3991	64	1275836343	1275844992
3	1	-3	11547	-9740	-3991	64	1275850012	1275857744
4	0	-1	11547	-9740	-3991	64	1275862772	1275869384
3	1	-1	11547	-9740	-3991	64	1275874410	1275881436
2	0	0	11547	-9740	-3991	64	1275886461	1275895179
2	0	-2	11547	-9740	-3991	64	1275900216	1275907834
3	0	1	11547	-9740	-3991	64	1275912857	1275919589
3	1	-2	11547	-9740	-3991	64	1275924615	1275931612
4	0	1	11547	-9740	-3991	64	1275936637	1275945315
3	0	-2	11547	-9740	-3991	64	1275950339	1275958012
1	-2	1	11547	-9740	-3991	64	1275963041	1275969763
3	1	1	11547	-9740	-3991	64	1275974787	1275981925
3	1	-2	11547	-9740	-3991	64	1275986951	1275995625
4	0	-1	11547	-9740	-3991	64	1276000661	1276008388
2	1	0	11547	-9740	-3991	64	1276013411	1276019963
3	1	0	11547	-9740	-3991	64	1276024989	1276032027
3	0	0	11547	-9740	-3991	64	1276037053	1276045633
4	0	0	11547	-9740	-3991	64	1276050659	1276058352
4	-2	-1	11547	-9740	-3991	64	1276063372	1276069966
3	0	-1	11547	-9740	-3991	64	1276074992	1276082023
3	0	-2	11547	-9740	-3991	64	1276087050	1276095586
2	0	-1	11547	-9740	-3991	64	1276100611	1276108408
3	0	1	11547	-9740	-3991	64	1276113430	1276120164
5	-1	-1	11547	-9740	-3991	64	1276125191	1276132171
3	-3	-2	11547	-9740	-3991	64	1276137197	1276145776
3	0	-4	11547	-9740	-3991	64	1276150796	1276158529
3	0	1	11547	-9740	-3991	64	1276163551	1276170281
5	0	0	11547	-9740	-3991	64	1276175306	1276182452
3	1	0	11547	-9740	-3991	64	1276187935	1276196461
2	-1	-2	11547	-9740	-3991	64	1276201485	1276209012
3	-1	1	11547	-9740	-3991	64	1276214042	1276220518
4	-1	-1	11547	-9740	-3991	64	1276225543	1276232607
2	-1	-2	11547	-9740	-3991	64	1276237628	1276246306
2	0	-2	11547	-9740	-3991	64	1276251327	1276259004
3	0	-1	11547	-9740	-3991	64	1276264029	1276270636
3	0	0	11547	-9740	-3991	64	1276275661	1276282811
4	0	-1	11547	-9740	-3991	64	1276287833	1276296289
3	0	-1	11547	-9740	-3991	64	1276301339	1276309084
5	0	-2	11547	-9740	-3991	64	1276314111	1276320751
3	0	-1	11547	-9740	-3991	64	1276325776	1276332676
2	0	4	11547	-9740	-3991	64	1276337699	1276346295
3	1	-4	11547	-9740	-3991	64	1276351318	1276359111
3	0	1	11547	-9740	-3991	64	1276364157	1276370856
4	0	0	11547	-9740	-3991	64	1276375882	1276382866
2	-1	2	11547	-9740	-3991	64	1276387887	1276396359
4	2	-5	11547	-9740	-3991	64	1276401386	1276409527
5	0	0	11547	-9740	-3991	64	1276414561	1276421067
3	1	-1	11547	-9740	-3991	64	1276426093	1276433205
3	1	0	11547	-9740	-3991	64	1276438227	1276446795
2	1	0	11547	-9740	-3991	64	1276451817	1276459561
4	-1	-4	11547	-9740	-3991	64	1276464590	1276471147
3	1	-1	11547	-9740	-3991	64	1276476173	1276483142
3	0	-1	11547	-9740	-3991	64	1276488163	1276496633
3	0	0	11547	-9740	-3991	64	1276501658	1276509849
4	0	-1	11547	-9740	-3991	64	1276514881	1276521354
3	0	0	11547	-9740	-3991	64	1276526381	1276533532
3	0	-1	11547	-9740	-3991	64	1276538553	1276547153
5	0	-5	11547	-9740	-3991	64	1276552175	1276559898
3	0	-1	11547	-9740	-3991	64	1276564929	1276571531
3	0	0	11547	-9740	-3991	64	1276576557	1276583683
3	0	-1	11547	-9740	-3991	64	1276588703	1276597174
4	-1	-2	11547	-9740	-3991	64	1276602199	1276610170
2	-1	1	11547	-9740	-3991	64	1276615204	1276621681
4	-1	0	11547	-9740	-3991	64	1276626707	1276633767
4	0	-2	11547	-9740	-3991	64	1276638790	1276647352
2	-1	-3	11547	-9740	-3991	64	1276652374	1276660022
2	1	1	11547	-9740	-3991	64	1276665050	1276671724
4	1	0	11547	-9740	-3991	64	1276676749	1276683757
4	0	-1	11547	-9740	-3991	64	1276688780	1276697591
3	0	-2	11547	-9740	-3991	64	1276702633	1276710355
2	1	0	11547	-9740	-3991	64	1276715379	1276722006
3	0	-1	11547	-9740	-3991	64	1276727031	1276734114
4	0	2	11547	-9740	-3991	64	1276739135	1276747692
3	0	0	11547	-9740	-3991	64	1276752713	1276760268
3	0	1	11547	-9740	-3991	64	1276765289	1276772018
3	-3	0	11547	-9740	-3991	64	1276777043	1276784068
1	0	0	11547	-9740	-3991	64	1276789091	1276797575
3	1	0	11547	-9740	-3991	64	1276802602	1276810462
3	-1	0	11547	-9740	-3991	64	1276815508	1276822211
3	0	-3	11547	-9740	-3991	64	1276827242	1276834412
3	0	-1	11547	-9740	-3991	64	1276839433	1276848055
3	-1	-3	11547	-9740	-3991	64	1276853078	1276860652
3	0	2	11547	-9740	-3991	64	1276865681	1276872326
3	-1	0	11547	-9740	-3991	64	1276877351	1276884320
2	1	0	11547	-9740	-3991	64	1276889343	1276897814
3	-2	-3	11547	-9740	-3991	64	1276902839	1276910695
3	-1	1	11547	-9740	-3991	64	1276915741	1276922510
3	0	-2	11547	-9740	-3991	64	1276927539	1276934736
3	0	1	11547	-9740	-3991	64	1276939756	1276948273
3	0	-4	11547	-9740	-3991	64	1276953295	1276960895
3	2	0	11547	-9740	-3991	64	1276965924	1276972601
3	0	0	11547	-9740	-3991	64	1276977626	1276984662
3	-1	1	11547	-9740	-3991	64	1276989683	1276998300
3	0	-1	11547	-9740	-3991	64	1277003325	1277011058
2	-2	1	11547	-9740	-3991	64	1277016079	1277023024
4	0	0	11547	-9740	-3991	64	1277028062	1277035331
3	0	-2	11547	-9740	-3991	64	1277040359	1277049023
2	0	-3	11547	-9740	-3991	64	1277054044	1277061480
3	-1	2	11547	-9740	-3991	64	1277066502	1277073047
2	0	0	11547	-9740	-3991	64	1277078074	1277085130
3	-1	0	11547	-9740	-3991	64	1277090153	1277098614
2	0	-1	11547	-9740	-3991	64	1277103639	1277111293
3	0	0	11547	-9740	-3991	64	1277116316	1277122987
3	-1	1	11547	-9740	-3991	64	1277128013	1277135065
1	0	0	11547	-9740	-3991	64	1277140086	1277148710
3	0	0	11547	-9740	-3991	64	1277153731	1277161481
1	1	1	11547	-9740	-3991	64	1277166502	1277173250
3	-1	0	11547	-9740	-3991	64	1277178275	1277185436
2	1	-1	11547	-9740	-3991	64	1277190457	1277199009
2	0	0	11547	-9740	-3991	64	1277204035	1277211643
3	0	2	11547	-9740	-3991	64	1277216669	1277223292
3	0	1	11547	-9740	-3991	64	1277228317	1277235167
4	0	0	11547	-9740	-3991	64	1277240188	1277248828
3	0	0	11547	-9740	-3991	64	1277253849	1277261637
2	0	2	11547	-9740	-3991	64	1277266659	1277273394
3	0	0	11547	-9740	-3991	64	1277278419	1277285314
4	0	1	11547	-9740	-3991	64	1277290335	1277298919
4	1	-4	11547	-9740	-3991	64	1277303946	1277311829
3	0	0	11547	-9740	-3991	64	1277316851	1277323610
4	1	0	11547	-9740	-3991	64	1277328661	1277335667
3	-1	-2	11547	-9740	-3991	64	1277340694	1277349260
3	0	-2	11547	-9740	-3991	64	1277354281	1277362077
3	0	0	11547	-9740	-3991	64	1277367108	1277373835
3	0	0	11547	-9740	-3991	64	1277378861	1277386009
3	0	1	11547	-9740	-3991	64	1277391030	1277399609
2	1	-2	11547	-9740	-3991	64	1277404634	1277412383
3	0	1	11547	-9740	-3991	64	1277417404	1277423957
3	0	0	11547	-9740	-3991	64	1277429002	1277436173
3	0	0	11547	-9740	-3991	64	1277441199	1277449821
3	0	-6	11547	-9740	-3991	64	1277454844	1277462638
3	0	0	11547	-9740	-3991	64	1277467660	1277474132
3	0	1	11547	-9740	-3991	64	1277479159	1277486286
4	-1	-2	11547	-9740	-3991	64	1277491308	1277499901
3	2	-2	11547	-9740	-3991	64	1277504928	1277512660
3	0	2	11547	-9740	-3991	64	1277517683	1277524287
3	0	1	11547	-9740	-3991	64	1277529312	1277537010
3	1	-1	11547	-9740	-3991	64	1277542042	1277550687
3	0	0	11547	-9740	-3991	64	1277555708	1277563163
3	0	-1	11547	-9740	-3991	64	1277568185	1277574653
4	1	-2	11547	-9740	-3991	64	1277579680	1277586802
4	0	1	11547	-9740	-3991	64	1277591823	1277600451
3	-2	-1	11547	-9740	-3991	64	1277605475	1277613009
4	0	-3	11547	-9740	-3991	64	1277618031	1277624635
3	1	-3	11547	-9740	-3991	64	1277629661	1277637319
3	0	0	11547	-9740	-3991	64	1277642353	1277650990
3	0	0	11547	-9740	-3991	64	1277656012	1277663411
3	0	0	11547	-9740	-3991	64	1277668431	1277674853
0	0	2	11547	-9740	-3991	64	1277679879	1277686961
2	0	0	11547	-9740	-3991	64	1277691983	1277700448
4	0	-6	11547	-9740	-3991	64	1277705472	1277713216
3	0	0	11547	-9740	-3991	64	1277718236	1277724863
2	0	0	11547	-9740	-3991	64	1277729888	1277737362
3	1	1	11547	-9740	-3991	64	1277742394	1277750970
2	1	-3	11547	-9740	-3991	64	1277756005	1277763591
3	0	-1	11547	-9740	-3991	64	1277768611	1277775101
3	-2	2	11547	-9740	-3991	64	1277780128	1277787236
3	0	0	11547	-9740	-3991	64	1277792259	1277800635
3	0	-1	11547	-9740	-3991	64	1277805661	1277813416
3	1	0	11547	-9740	-3991	64	1277818438	1277825051
4	0	-1	11547	-9740	-3991	64	1277830077	1277837367
2	-1	0	11547	-9740	-3991	64	1277842401	1277850885
2	-2	-5	11547	-9740	-3991	64	1277855911	1277863633
3	-1	0	11547	-9740	-3991	64	1277868655	1277875287
5	0	3	11547	-9740	-3991	64	1277880314	1277887473
4	1	1	11547	-9740	-3991	64	1277892495	1277901024
2	0	0	11547	-9740	-3991	64	1277906048	1277913792
3	1	-1	11547	-9740	-3991	64	1277918815	1277925419
3	0	0	11547	-9740	-3991	64	1277930445	1277937615
3	0	0	11547	-9740	-3991	64	1277942652	1277951297
3	0	-1	11547	-9740	-3991	64	1277956323	1277964120
3	-1	-1	11547	-9740	-3991	64	1277969142	1277975563
3	0	0	11547	-9740	-3991	64	1277980589	1277987755
4	0	0	11547	-9740	-3991	64	1277992777	1278001355
3	1	-4	11547	-9740	-3991	64	1278006403	1278014140
2	-1	-1	11547	-9740	-3991	64	1278019167	1278025678
5	0	0	11547	-9740	-3991	64	1278030704	1278037974
2	0	-2	11547	-9740	-3991	64	1278042995	1278051365
3	0	-4	11547	-9740	-3991	64	1278056387	1278064178
1	-1	-2	11547	-9740	-3991	64	1278069199	1278075804
2	-1	0	11547	-9740	-3991	64	1278080829	1278088022
3	0	1	11547	-9740	-3991	64	1278093043	1278101628
4	0	-2	11547	-9740	-3991	64	1278106653	1278114378
4	0	2	11547	-9740	-3991	64	1278119398	1278126001
3	-1	-3	11547	-9740	-3991	64	1278131027	1278140698
3	0	-2	11547	-9740	-3991	64	1278145752	1278154327
4	0	0	11547	-9740	-3991	64	1278159350	1278166829
3	0	-3	11547	-9740	-3991	64	1278171853	1278177488
1	0	0	11547	-9740	-3991	64	1278182512	1278191059
3	-2	-1	11547	-9740	-3991	64	1278196079	1278204211
3	0	0	11547	-9740	-3991	64	1278209235	1278216077
4	0	0	11547	-9740	-3991	64	1278221104	1278226937
4	0	-3	11547	-9740	-3991	64	1278231962	1278239879
3	0	1	11547	-9740	-3991	64	1278244899	1278254296
3	-1	0	11547	-9740	-3991	64	1278259329	1278266215
3	0	-1	11547	-9740	-3991	64	1278271242	1278277078
3	0	0	11547	-9740	-3991	64	1278282103	1278289753
4	-2	-1	11547	-9740	-3991	64	1278294774	1278303439
3	0	0	11547	-9740	-3991	64	1278308464	1278315499
2	-1	-1	11547	-9740	-3991	64	1278320525	1278326851
4	0	-3	11547	-9740	-3991	64	1278331875	1278339339
3	0	0	11547	-9740	-3991	64	1278344361	1278353363
2	0	-1	11547	-9740	-3991	64	1278358398	1278365753
3	-1	1	11547	-9740	-3991	64	1278370778	1278377083
4	0	0	11547	-9740	-3991	64	1278382109	1278389511
5	-1	-1	11547	-9740	-3991	64	1278394534	1278403046
4	0	-4	11547	-9740	-3991	64	1278408071	1278415316
3	-1	1	11547	-9740	-3991	64	1278420343	1278426819
2	0	2	11547	-9740	-3991	64	1278431847	1278438978
3	0	0	11547	-9740	-3991	64	1278443999	1278452889
3	-1	-1	11547	-9740	-3991	64	1278457921	1278465556
5	1	1	11547	-9740	-3991	64	1278470579	1278477059
3	-1	3	11547	-9740	-3991	64	1278482083	1278489405
5	-1	0	11547	-9740	-3991	64	1278494428	1278502997
3	0	0	11547	-9740	-3991	64	1278508023	1278515573
3	1	0	11547	-9740	-3991	64	1278520599	1278527069
3	0	0	11547	-9740	-3991	64	1278532096	1278539252
3	0	0	11547	-9740	-3991	64	1278544275	1278552890
5	0	-5	11547	-9740	-3991	64	1278557944	1278565746
3	0	0	11547	-9740	-3991	64	1278570775	1278577255
3	-2	2	11547	-9740	-3991	64	1278582282	1278589388
3	0	0	11547	-9740	-3991	64	1278594409	1278602940
2	1	-2	11547	-9740	-3991	64	1278607965	1278615733
4	1	0	11547	-9740	-3991	64	1278620759	1278627384
2	0	1	11547	-9740	-3991	64	1278632410	1278639567
3	-2	0	11547	-9740	-3991	64	1278644588	1278653035
2	0	-1	11547	-9740	-3991	64	1278658077	1278665833
3	0	-2	11547	-9740	-3991	64	1278670861	1278677491
3	0	1	11547	-9740	-3991	64	1278682515	1278689685
3	0	0	11547	-9740	-3991	64	1278694707	1278703171
3	-1	-2	11547	-9740	-3991	64	1278708195	1278715904
3	-1	-2	11547	-9740	-3991	64	1278720931	1278727579
3	0	-2	11547	-9740	-3991	64	1278732605	1278739653
1	0	-2	11547	-9740	-3991	64	1278744675	1278753200
4	0	-2	11547	-9740	-3991	64	1278758220	1278766361
3	1	0	11547	-9740	-3991	64	1278771400	1278777880
4	-2	3	11547	-9740	-3991	64	1278782906	1278789955
4	0	-1	11547	-9740	-3991	64	1278794975	1278803439
3	1	-2	11547	-9740	-3991	64	1278808464	1278816168
3	0	0	11547	-9740	-3991	64	1278821194	1278827924
1	0	0	11547	-9740	-3991	64	1278832951	1278839952
3	0	0	11547	-9740	-3991	64	1278844972	1278853549
3	0	-2	11547	-9740	-3991	64	1278858581	1278866570
2	0	0	11547	-9740	-3991	64	1278871608	1278878088
3	0	0	11547	-9740	-3991	64	1278883114	1278890272
2	-1	0	11547	-9740	-3991	64	1278895292	1278903745
2	0	-4	11547	-9740	-3991	64	1278908771	1278916505
3	0	1	11547	-9740	-3991	64	1278921530	1278928141
3	0	0	11547	-9740	-3991	64	1278933168	1278940202
2	1	1	11547	-9740	-3991	64	1278945222	1278953713
3	0	-3	11547	-9740	-3991	64	1278958739	1278966994
3	0	-2	11547	-9740	-3991	64	1278972030	1278978499
3	0	0	11547	-9740	-3991	64	1278983527	1278990649
3	0	0	11547	-9740	-3991	64	1278995670	1279004105
2	0	-1	11547	-9740	-3991	64	1279009130	1279016845
1	-1	-1	11547	-9740	-3991	64	1279021869	1279028473
4	0	1	11547	-9740	-3991	64	1279033498	1279040833
3	0	0	11547	-9740	-3991	64	1279045855	1279054262
3	0	2	11547	-9740	-3991	64	1279059294	1279067352
2	2	1	11547	-9740	-3991	64	1279072389	1279078886
3	0	0	11547	-9740	-3991	64	1279083911	1279091216
4	0	0	11547	-9740	-3991	64	1279096236	1279104946
3	0	-3	11547	-9740	-3991	64	1279109971	1279117305
3	0	-2	11547	-9740	-3991	64	1279122330	1279128800
2	0	1	11547	-9740	-3991	64	1279133824	1279140960
6	1	-2	11547	-9740	-3991	64	1279145980	1279154563
2	1	-2	11547	-9740	-3991	64	1279159587	1279167308
5	1	-1	11547	-9740	-3991	64	1279172333	1279178936
2	1	0	11547	-9740	-3991	64	1279183962	1279191150
5	0	1	11547	-9740	-3991	64	1279196172	1279204675
3	0	-1	11547	-9740	-3991	64	1279209699	1279217366
1	1	-1	11547	-9740	-3991	64	1279222391	1279229001
3	0	-1	11547	-9740	-3991	64	1279234026	1279241013
2	0	-1	11547	-9740	-3991	64	1279246035	1279254640
1	0	-5	11547	-9740	-3991	64	1279259663	1279267436
3	-1	0	11547	-9740	-3991	64	1279272485	1279279217
3	2	2	11547	-9740	-3991	64	1279284247	1279291395
1	0	0	11547	-9740	-3991	64	1279296419	1279304925
3	0	0	11547	-9740	-3991	64	1279309949	1279317747
4	1	0	11547	-9740	-3991	64	1279322775	1279329378
4	1	-2	11547	-9740	-3991	64	1279334403	1279341527
2	-1	0	11547	-9740	-3991	64	1279346554	1279355238
3	0	-2	11547	-9740	-3991	64	1279360259	1279367843
2	1	0	11547	-9740	-3991	64	1279373186	1279379612
3	-3	0	11547	-9740	-3991	64	1279384640	1279391679
2	0	-3	11547	-9740	-3991	64	1279396704	1279405165
5	-1	-3	11547	-9740	-3991	64	1279410192	1279417876
1	-2	5	11547	-9740	-3991	64	1279422903	1279429522
4	-2	-2	11547	-9740	-3991	64	1279434547	1279441609
3	-1	0	11547	-9740	-3991	64	1279446634	1279455163
2	1	-4	11547	-9740	-3991	64	1279460185	1279467948
4	0	0	11547	-9740	-3991	64	1279472973	1279480040
3	0	-2	11547	-9740	-3991	64	1279485077	1279492311
4	-1	2	11547	-9740	-3991	64	1279497338	1279505834
1	0	-1	11547	-9740	-3991	64	1279510861	1279518311
3	0	-1	11547	-9740	-3991	64	1279523338	1279529942
3	0	0	11547	-9740	-3991	64	1279534967	1279542088
3	-1	-3	11547	-9740	-3991	64	1279547114	1279555754
3	0	-1	11547	-9740	-3991	64	1279560803	1279568521
1	0	1	11547	-9740	-3991	64	1279574089	1279582279
2	0	0	11547	-9740	-3991	64	1279587788	1279596274
3	1	-1	11547	-9740	-3991	64	1279601299	1279608649
3	0	-1	11547	-9740	-3991	64	1279613670	1279620677
4	0	0	11547	-9740	-3991	64	1279625703	1279631337
4	0	1	11547	-9740	-3991	64	1279636362	1279644331
2	0	2	11547	-9740	-3991	64	1279649357	1279657919
3	0	0	11547	-9740	-3991	64	1279663775	1279670809
2	0	-3	11547	-9740	-3991	64	1279675834	1279681469
4	0	-2	11547	-9740	-3991	64	1279686493	1279694324
3	0	-1	11547	-9740	-3991	64	1279699351	1279707830
3	-1	-1	11547	-9740	-3991	64	1279712851	1279719709
4	0	-3	11547	-9740	-3991	64	1279724736	1279730797
3	0	1	11547	-9740	-3991	64	1279735821	1279743277
2	0	1	11547	-9740	-3991	64	1279748301	1279756730
3	0	-1	11547	-9740	-3991	64	1279761756	1279769006
3	-1	0	11547	-9740	-3991	64	1279774032	1279785081
3	0	-1	11547	-9740	-3991	64	1279790129	1279798523
3	1	-2	11547	-9740	-3991	64	1279803549	1279810380
2	0	2	11547	-9740	-3991	64	1279815401	1279822534
4	-2	-3	11547	-9740	-3991	64	1279827559	1279833341
2	-1	2	11547	-9740	-3991	64	1279838361	1279847025
2	0	1	11547	-9740	-3991	64	1279852047	1279859398
3	-1	0	11547	-9740	-3991	64	1279864430	1279871884
3	-1	2	11547	-9740	-3991	64	1279876931	1279882601
2	-1	1	11547	-9740	-3991	64	1279887624	1279896213
2	0	0	11547	-9740	-3991	64	1279901235	1279909097
3	-1	-2	11547	-9740	-3991	64	1279914114	1279921154
3	0	0	11547	-9740	-3991	64	1279926175	1279931814
3	-1	0	11547	-9740	-3991	64	1279936835	1279944679
0	1	-1	11547	-9740	-3991	64	1279949702	1279958324
4	-1	-1	11547	-9740	-3991	64	1279963343	1279970334
3	0	0	11547	-9740	-3991	64	1279975356	1279984227
5	1	-1	11547	-9740	-3991	64	1279989289	1279997813
2	0	0	11547	-9740	-3991	64	1280002845	1280010014
2	-2	-1	11547	-9740	-3991	64	1280015036	1280022244
4	0	1	11547	-9740	-3991	64	1280027271	1280032905
2	1	-1	11547	-9740	-3991	64	1280037934	1280046403
3	0	0	11547	-9740	-3991	64	1280051431	1280059476
3	-1	0	11547	-9740	-3991	64	1280064503	1280071850
3	0	0	11547	-9740	-3991	64	1280076895	1280082571
4	-1	-1	11547	-9740	-3991	64	1280087596	1280095594
3	0	-1	11547	-9740	-3991	64	1280100621	1280109165
4	0	-1	11547	-9740	-3991	64	1280114188	1280120988
4	-1	-1	11547	-9740	-3991	64	1280126013	1280132134
3	0	0	11547	-9740	-3991	64	1280137615	1280145605
3	-2	1	11547	-9740	-3991	64	1280150631	1280159201
3	-2	2	11547	-9740	-3991	64	1280164223	1280171071
4	0	-1	11547	-9740	-3991	64	1280176096	1280182196
4	0	-2	11547	-9740	-3991	64	1280187718	1280196243
3	0	3	11547	-9740	-3991	64	1280201273	1280209630
6	0	0	11547	-9740	-3991	64	1280214652	1280221636
4	0	0	11547	-9740	-3991	64	1280226663	1280232634
4	0	1	11547	-9740	-3991	64	1280237657	1280245355
4	0	-2	11547	-9740	-3991	64	1280250381	1280258941
3	0	0	11547	-9740	-3991	64	1280263964	1280271148
4	0	-1	11547	-9740	-3991	64	1280276173	1280282450
4	0	0	11547	-9740	-3991	64	1280287471	1280296426
4	0	-3	11547	-9740	-3991	64	1280301471	1280309895
3	0	-2	11547	-9740	-3991	64	1280314918	1280321786
3	1	-2	11547	-9740	-3991	64	1280326813	1280332839
3	0	0	11547	-9740	-3991	64	1280337862	1280345329
2	-1	1	11547	-9740	-3991	64	1280350355	1280358668
3	0	1	11547	-9740	-3991	64	1280363689	1280371048
3	-1	1	11547	-9740	-3991	64	1280376074	1280382665
3	0	-2	11547	-9740	-3991	64	1280387703	1280399765
2	0	-2	11547	-9740	-3991	64	1280404822	1280411766
3	-1	-3	11547	-9740	-3991	64	1280416802	1280423671
3	-1	0	11547	-9740	-3991	64	1280428698	1280434339
3	0	-2	11547	-9740	-3991	64	1280439363	1280447848
4	0	0	11547	-9740	-3991	64	1280452874	1280460793
3	-1	1	11547	-9740	-3991	64	1280465814	1280473121
3	0	0	11547	-9740	-3991	64	1280478147	1280484059
3	1	1	11547	-9740	-3991	64	1280489092	1280497397
2	1	1	11547	-9740	-3991	64	1280502426	1280510575
3	0	-1	11547	-9740	-3991	64	1280515596	1280522248
2	1	3	11547	-9740	-3991	64	1280527274	1280533395
4	0	-2	11547	-9740	-3991	64	1280538415	1280545887
3	0	-1	11547	-9740	-3991	64	1280550912	1280559400
3	0	0	11547	-9740	-3991	64	1280564422	1280571631
1	0	2	11547	-9740	-3991	64	1280576656	1280583129
3	0	2	11547	-9740	-3991	64	1280588150	1280597962
3	0	0	11547	-9740	-3991	64	1280603560	1280611484
3	0	-1	11547	-9740	-3991	64	1280616515	1280623517
2	0	0	11547	-9740	-3991	64	1280628544	1280634179
3	0	-1	11547	-9740	-3991	64	1280639199	1280647199
3	0	2	11547	-9740	-3991	64	1280652224	1280660768
3	3	-1	11547	-9740	-3991	64	1280665804	1280672676
4	1	0	11547	-9740	-3991	64	1280677703	1280683844
3	0	0	11547	-9740	-3991	64	1280688882	1280696414
3	0	-1	11547	-9740	-3991	64	1280701443	1280710095
4	0	-1	11547	-9740	-3991	64	1280715116	1280722203
4	-1	-1	11547	-9740	-3991	64	1280727229	1280733726
4	0	2	11547	-9740	-3991	64	1280738748	1280746109
2	0	-1	11547	-9740	-3991	64	1280751133	1280759710
3	0	-3	11547	-9740	-3991	64	1280764732	1280772022
4	1	0	11547	-9740	-3991	64	1280777047	1280783545
3	0	2	11547	-9740	-3991	64	1280788566	1280795636
3	0	0	11547	-9740	-3991	64	1280802436	1280813235
3	0	0	11547	-9740	-3991	64	1280818276	1280825340
2	1	-1	11547	-9740	-3991	64	1280830365	1280836200
1	-2	1	11547	-9740	-3991	64	1280841222	1280849847
4	-1	0	11547	-9740	-3991	64	1280854874	1280862434
3	1	0	11547	-9740	-3991	64	1280867455	1280874691
5	0	0	11547	-9740	-3991	64	1280879715	1280885350
3	0	-1	11547	-9740	-3991	64	1280890371	1280899100
4	1	0	11547	-9740	-3991	64	1280904136	1280912047
3	-1	2	11547	-9740	-3991	64	1280917067	1280924112
1	-3	0	11547	-9740	-3991	64	1280929132	1280934772
3	0	0	11547	-9740	-3991	64	1280939791	1280947665
3	0	-2	11547	-9740	-3991	64	1280952687	1280961346
3	0	-1	11547	-9740	-3991	64	1280966363	1280973113
3	0	0	11547	-9740	-3991	64	1280978134	1280984407
2	1	1	11547	-9740	-3991	64	1280989426	1280996817
3	0	0	11547	-9740	-3991	64	1281001839	1281013601
3	2	0	11547	-9740	-3991	64	1281018654	1281025700
3	0	0	11547	-9740	-3991	64	1281030727	1281036365
5	0	-1	11547	-9740	-3991	64	1281041396	1281049917
3	1	-3	11547	-9740	-3991	64	1281054944	1281062931
2	0	0	11547	-9740	-3991	64	1281067951	1281074986
3	0	-1	11547	-9740	-3991	64	1281080013	1281085647
3	0	1	11547	-9740	-3991	64	1281090668	1281099558
3	0	1	11547	-9740	-3991	64	1281104598	1281112489
1	0	0	11547	-9740	-3991	64	1281117513	1281124551
3	1	0	11547	-9740	-3991	64	1281129578	1281135220
3	-1	2	11547	-9740	-3991	64	1281140243	1281148107
3	0	0	11547	-9740	-3991	64	1281153133	1281161700
3	0	0	11547	-9740	-3991	64	1281166723	1281173732
2	0	0	11547	-9740	-3991	64	1281178759	1281184962
3	0	0	11547	-9740	-3991	64	1281189983	1281197368
3	0	0	11547	-9740	-3991	64	1281202394	1281214072
2	0	0	11547	-9740	-3991	64	1281219125	1281226308
1	-1	0	11547	-9740	-3991	64	1281231331	1281236988
4	1	0	11547	-9740	-3991	64	1281242009	1281250469
3	-2	0	11547	-9740	-3991	64	1281255495	1281263405
5	0	0	11547	-9740	-3991	64	1281268425	1281275516
5	0	-1	11547	-9740	-3991	64	1281280541	1281286186
3	-1	2	11547	-9740	-3991	64	1281291206	1281299565
2	0	-1	11547	-9740	-3991	64	1281304592	1281312759
3	0	2	11547	-9740	-3991	64	1281317782	1281327243
3	0	0	11547	-9740	-3991	64	1281332287	1281338695
3	0	0	11547	-9740	-3991	64	1281343718	1281352361
4	0	-1	11547	-9740	-3991	64	1281357386	1281364342
4	0	1	11547	-9740	-3991	64	1281369363	1281376196
2	-1	1	11547	-9740	-3991	64	1281381223	1281386877
2	0	0	11547	-9740	-3991	64	1281391900	1281400442
3	0	0	11547	-9740	-3991	64	1281405489	1281413411
3	-1	-3	11547	-9740	-3991	64	1281418524	1281429165
3	-1	1	11547	-9740	-3991	64	1281434214	1281441269
2	0	3	11547	-9740	-3991	64	1281446295	1281453826
3	0	-1	11547	-9740	-3991	64	1281458851	1281466890
3	1	0	11547	-9740	-3991	64	1281471910	1281480540
3	0	0	11547	-9740	-3991	64	1281485565	1281492202
2	1	1	11547	-9740	-3991	64	1281497226	1281504544
4	0	-1	11547	-9740	-3991	64	1281509582	1281516674
4	0	-2	11547	-9740	-3991	64	1281521703	1281529566
4	-1	-1	11547	-9740	-3991	64	1281534592	1281541658
2	0	-1	11547	-9740	-3991	64	1281546682	1281554183
3	1	-3	11547	-9740	-3991	64	1281559210	1281566472
2	0	2	11547	-9740	-3991	64	1281571494	1281579169
5	0	3	11547	-9740	-3991	64	1281584195	1281591054
3	0	2	11547	-9740	-3991	64	1281596080	1281603938
4	-1	-1	11547	-9740	-3991	64	1281608963	1281616016
3	-1	-1	11547	-9740	-3991	64	1281621627	1281631540
3	0	0	11547	-9740	-3991	64	1281636588	1281643855
3	-1	0	11547	-9740	-3991	64	1281648880	1281655538
3	0	-2	11547	-9740	-3991	64	1281660563	1281668114
3	-1	0	11547	-9740	-3991	64	1281673135	1281681965
3	0	-3	11547	-9740	-3991	64	1281687449	1281694257
3	0	0	11547	-9740	-3991	64	1281699311	1281706592
4	0	-4	11547	-9740	-3991	64	1281711619	1281719313
3	0	1	11547	-9740	-3991	64	1281724339	1281733262
3	0	-1	11547	-9740	-3991	64	1281738295	1281745321
2	-1	1	11547	-9740	-3991	64	1281750346	1281757388
3	0	-3	11547	-9740	-3991	64	1281762421	1281770517
1	-2	2	11547	-9740	-3991	64	1281775539	1281784146
3	1	-1	11547	-9740	-3991	64	1281789167	1281796231
4	1	-4	11547	-9740	-3991	64	1281801258	1281808159
3	-1	-1	11547	-9740	-3991	64	1281813180	1281821750
4	0	-1	11547	-9740	-3991	64	1281826775	1281835107
3	-1	0	11547	-9740	-3991	64	1281840142	1281847377
3	0	0	11547	-9740	-3991	64	1281852399	1281860351
3	0	-1	11547	-9740	-3991	64	1281865384	1281873944
3	0	-1	11547	-9740	-3991	64	1281878970	1281885872
3	-1	1	11547	-9740	-3991	64	1281890892	1281897693
3	0	0	11547	-9740	-3991	64	1281902720	1281910753
2	-3	-2	11547	-9740	-3991	64	1281915775	1281924329
1	0	2	11547	-9740	-3991	64	1281929354	1281936693
2	1	0	11547	-9740	-3991	64	1281941726	1281948757
2	-1	-1	11547	-9740	-3991	64	1281953783	1281962442
5	-1	-4	11547	-9740	-3991	64	1281967465	1281975216
3	0	0	11547	-9740	-3991	64	1281980240	1281987016
3	0	0	11547	-9740	-3991	64	1281992038	1281999112
3	0	0	11547	-9740	-3991	64	1282004138	1282012593
6	-2	-3	11547	-9740	-3991	64	1282017615	1282025363
1	0	0	11547	-9740	-3991	64	1282030387	1282037518
3	-1	2	11547	-9740	-3991	64	1282042551	1282049915
3	0	0	11547	-9740	-3991	64	1282054941	1282063459
4	0	-2	11547	-9740	-3991	64	1282068479	1282075810
1	1	0	11547	-9740	-3991	64	1282080835	1282087330
3	0	2	11547	-9740	-3991	64	1282092351	1282099428
3	-1	0	11547	-9740	-3991	64	1282104455	1282113037
3	0	-1	11547	-9740	-3991	64	1282118060	1282125782
3	0	0	11547	-9740	-3991	64	1282130807	1282137451
2	0	0	11547	-9740	-3991	64	1282142473	1282149562
3	-1	-2	11547	-9740	-3991	64	1282154589	1282163033
3	0	-3	11547	-9740	-3991	64	1282168054	1282175688
2	0	0	11547	-9740	-3991	64	1282180710	1282187460
2	-1	-1	11547	-9740	-3991	64	1282192483	1282199635
3	-1	2	11547	-9740	-3991	64	1282204659	1282213321
4	0	-4	11547	-9740	-3991	64	1282218342	1282226052
3	0	-1	11547	-9740	-3991	64	1282231079	1282237668
3	0	-2	11547	-9740	-3991	64	1282242691	1282249805
4	-1	0	11547	-9740	-3991	64	1282254832	1282263321
3	0	0	11547	-9740	-3991	64	1282268342	1282276076
3	0	-2	11547	-9740	-3991	64	1282281097	1282287707
3	0	0	11547	-9740	-3991	64	1282292729	1282299908
3	0	2	11547	-9740	-3991	64	1282304935	1282313532
3	-1	-2	11547	-9740	-3991	64	1282318553	1282326162
3	0	0	11547	-9740	-3991	64	1282331187	1282337817
4	0	0	11547	-9740	-3991	64	1282342850	1282349836
2	-1	0	11547	-9740	-3991	64	1282354867	1282363604
3	0	-1	11547	-9740	-3991	64	1282368627	1282376451
3	-2	0	11547	-9740	-3991	64	1282381471	1282388116
3	0	0	11547	-9740	-3991	64	1282393139	1282400221
3	0	-1	11547	-9740	-3991	64	1282405248	1282413721
2	0	-1	11547	-9740	-3991	64	1282418742	1282426397
4	-1	2	11547	-9740	-3991	64	1282431424	1282438124
3	0	2	11547	-9740	-3991	64	1282443145	1282450769
3	0	0	11547	-9740	-3991	64	1282455806	1282464593
5	-1	-5	11547	-9740	-3991	64	1282469615	1282476892
3	2	0	11547	-9740	-3991	64	1282481913	1282488503
5	0	1	11547	-9740	-3991	64	1282493526	1282500680
3	0	0	11547	-9740	-3991	64	1282505706	1282514131
2	0	-2	11547	-9740	-3991	64	1282519151	1282526707
2	1	1	11547	-9740	-3991	64	1282531731	1282538366
3	0	0	11547	-9740	-3991	64	1282543388	1282550707
3	-1	1	11547	-9740	-3991	64	1282555746	1282564282
4	-2	-2	11547	-9740	-3991	64	1282569305	1282577025
2	0	4	11547	-9740	-3991	64	1282582047	1282588658
2	0	2	11547	-9740	-3991	64	1282593679	1282600747
2	0	-3	11547	-9740	-3991	64	1282605773	1282614319
5	0	-4	11547	-9740	-3991	64	1282619340	1282627015
3	-1	-2	11547	-9740	-3991	64	1282632042	1282638663
3	1	1	11547	-9740	-3991	64	1282643686	1282650997
4	-2	0	11547	-9740	-3991	64	1282656034	1282664419
3	0	-1	11547	-9740	-3991	64	1282669439	1282677208
4	0	0	11547	-9740	-3991	64	1282682230	1282688862
2	0	0	11547	-9740	-3991	64	1282693884	1282701037
2	0	0	11547	-9740	-3991	64	1282706064	1282714529
2	1	-1	11547	-9740	-3991	64	1282719551	1282727207
4	0	0	11547	-9740	-3991	64	1282732234	1282738950
3	0	0	11547	-9740	-3991	64	1282743971	1282750997
2	1	0	11547	-9740	-3991	64	1282756038	1282764649
3	0	0	11547	-9740	-3991	64	1282769676	1282777428
3	0	-1	11547	-9740	-3991	64	1282782451	1282789075
1	-2	-1	11547	-9740	-3991	64	1282794095	1282800935
2	0	2	11547	-9740	-3991	64	1282805962	1282814401
2	2	-1	11547	-9740	-3991	64	1282819423	1282827369
2	-1	-1	11547	-9740	-3991	64	1282832394	1282839161
3	-1	0	11547	-9740	-3991	64	1282844643	1282852088
3	0	0	11547	-9740	-3991	64	1282857129	1282865695
2	-2	-1	11547	-9740	-3991	64	1282870719	1282878139
3	0	0	11547	-9740	-3991	64	1282883161	1282889659
3	0	0	11547	-9740	-3991	64	1282894685	1282901774
4	0	-2	11547	-9740	-3991	64	1282906800	1282915278
3	0	-2	11547	-9740	-3991	64	1282920300	1282927997
3	0	0	11547	-9740	-3991	64	1282933021	1282939664
3	1	0	11547	-9740	-3991	64	1282944688	1282951780
2	0	2	11547	-9740	-3991	64	1282957104	1282965797
3	0	-3	11547	-9740	-3991	64	1282970822	1282978180
3	0	2	11547	-9740	-3991	64	1282983203	1282989783
3	-2	0	11547	-9740	-3991	64	1282994810	1283002240
3	-1	0	11547	-9740	-3991	64	1283007282	1283015888
1	-2	0	11547	-9740	-3991	64	1283020915	1283028423
2	0	-2	11547	-9740	-3991	64	1283033450	1283040039
3	0	0	11547	-9740	-3991	64	1283045066	1283052148
3	1	-3	11547	-9740	-3991	64	1283057254	1283067274
2	0	0	11547	-9740	-3991	64	1283072318	1283079228
3	0	0	11547	-9740	-3991	64	1283084249	1283090338
4	0	0	11547	-9740	-3991	64	1283095363	1283102627
5	-1	-2	11547	-9740	-3991	64	1283107651	1283116382
3	0	-2	11547	-9740	-3991	64	1283121408	1283128709
4	0	0	11547	-9740	-3991	64	1283133735	1283140236
3	-1	0	11547	-9740	-3991	64	1283145261	1283152338
2	0	0	11547	-9740	-3991	64	1283157363	1283165943
3	0	-4	11547	-9740	-3991	64	1283170966	1283178702
3	0	1	11547	-9740	-3991	64	1283183728	1283190366
2	0	-1	11547	-9740	-3991	64	1283195392	1283202512
3	0	-1	11547	-9740	-3991	64	1283207539	1283216049
3	1	-1	11547	-9740	-3991	64	1283221071	1283228626
1	0	1	11547	-9740	-3991	64	1283233651	1283240407
2	3	0	11547	-9740	-3991	64	1283245434	1283252419
3	-1	0	11547	-9740	-3991	64	1283257443	1283266281
3	-2	-2	11547	-9740	-3991	64	1283271316	1283278979
2	0	2	11547	-9740	-3991	64	1283284007	1283290633
3	1	2	11547	-9740	-3991	64	1283295658	1283302796
2	0	0	11547	-9740	-3991	64	1283307821	1283316424
3	0	-2	11547	-9740	-3991	64	1283321446	1283329177
4	0	-1	11547	-9740	-3991	64	1283334202	1283340834
2	0	0	11547	-9740	-3991	64	1283345859	1283352900
5	0	-1	11547	-9740	-3991	64	1283357927	1283366799
2	0	-3	11547	-9740	-3991	64	1283371831	1283379441
2	-3	0	11547	-9740	-3991	64	1283384463	1283390972
3	0	0	11547	-9740	-3991	64	1283395997	1283403021
3	-1	1	11547	-9740	-3991	64	1283408045	1283416701
3	0	-3	11547	-9740	-3991	64	1283421728	1283429430
3	0	-3	11547	-9740	-3991	64	1283434455	1283441084
3	0	-2	11547	-9740	-3991	64	1283446109	1283453204
3	0	1	11547	-9740	-3991	64	1283458231	1283466723
3	0	-2	11547	-9740	-3991	64	1283471759	1283479620
4	0	0	11547	-9740	-3991	64	1283484646	1283491305
3	0	2	11547	-9740	-3991	64	1283496330	1283503412
2	-2	-2	11547	-9740	-3991	64	1283508439	1283516891
4	-2	-2	11547	-9740	-3991	64	1283521917	1283529633
2	0	0	11547	-9740	-3991	64	1283534659	1283541322
3	1	0	11547	-9740	-3991	64	1283546349	1283553480
3	0	0	11547	-9740	-3991	64	1283558506	1283566978
3	-1	-1	11547	-9740	-3991	64	1283572019	1283579865
4	0	-2	11547	-9740	-3991	64	1283584889	1283591544
4	0	-3	11547	-9740	-3991	64	1283596570	1283603656
3	2	0	11547	-9740	-3991	64	1283608682	1283617144
4	0	-3	11547	-9740	-3991	64	1283622170	1283629851
1	0	-1	11547	-9740	-3991	64	1283634877	1283641537
SUCCESSFUL.
/>
