8	14	10	14379	5871	1622	162	436013887	436022074
8	14	10	14379	5872	1622	162	436022097	436029732
7	14	8	14378	5874	1622	163	436029740	436038553
0	5	15	14378	5874	1622	163	436038564	436047596
2	4	15	14378	5874	1622	163	436047603	436053239
2	4	15	14378	5874	1620	163	436053247	436059867
5	8	7	14379	5874	1620	164	436059874	436068157
8	12	11	14379	5874	1620	164	436068165	436077164
7	8	16	14378	5875	1621	165	436077183	436084634
6	6	20	14378	5876	1622	165	436084641	436091597
6	6	20	14378	5876	1622	165	436091605	436099794
4	9	16	14378	5876	1622	165	436099802	436106756
6	9	5	14378	5876	1622	165	436106763	436113969
2	7	7	14377	5877	1623	164	436113980	436120907
2	7	7	14377	5877	1625	163	436120926	436129384
0	5	11	14376	5877	1627	162	436129399	436137923
2	7	11	14376	5877	1627	162	436137931	436145835
3	10	15	14375	5878	1628	162	436145842	436152107
3	10	15	14375	5878	1628	162	436152115	436158651
0	8	15	14375	5878	1628	162	436158658	436167284
-2	8	16	14375	5878	1628	162	436167291	436174730
2	12	7	14376	5877	1627	161	436174738	436183699
5	14	9	14376	5877	1626	161	436183715	436190775
5	14	9	14376	5877	1626	162	436190783	436199341
9	12	13	14376	5877	1626	162	436199348	436206001
3	11	17	14376	5877	1625	163	436206008	436212772
3	11	17	14377	5877	1625	164	436212783	436220275
6	7	9	14377	5877	1624	165	436220282	436228492
9	5	2	14377	5877	1624	165	436228499	436236831
8	5	8	14377	5878	1624	165	436236838	436243562
1	1	14	14376	5879	1624	164	436243569	436250975
1	1	14	14376	5879	1624	164	436250982	436257436
5	11	11	14376	5879	1623	164	436257444	436265699
10	14	7	14377	5877	1622	163	436265714	436273008
10	14	7	14377	5877	1622	162	436273015	436280921
8	15	10	14376	5878	1622	161	436280940	436289513
5	11	18	14376	5878	1622	161	436289520	436298122
2	10	11	14376	5878	1622	161	436298129	436303760
2	10	11	14376	5878	1621	162	436303767	436310360
5	11	6	14377	5878	1620	162	436310367	436318642
7	8	5	14377	5878	1620	162	436318653	436326890
3	8	8	14377	5878	1620	162	436326897	436333523
6	6	15	14376	5878	1621	163	436333531	436340837
6	6	15	14376	5878	1621	163	436340844	436349439
9	9	12	14376	5878	1621	163	436349447	436355084
10	9	12	14376	5878	1621	163	436355091	436361539
10	9	12	14376	5879	1621	163	436361546	436369761
0	5	13	14376	5879	1621	163	436369769	436378085
0	7	9	14376	5879	1621	163	436378092	436386675
7	11	6	14376	5879	1620	162	436386691	436393489
7	11	6	14376	5879	1620	161	436393497	436400794
8	12	6	14376	5879	1620	161	436400802	436407497
1	8	15	14376	5879	1621	162	436407504	436414903
1	7	16	14376	5879	1622	162	436414911	436421730
1	7	16	14376	5879	1622	162	436421741	436429882
5	8	12	14376	5879	1621	162	436429889	436438145
5	9	9	14376	5879	1621	162	436438152	436445967
5	9	14	14376	5879	1621	162	436445974	436452461
5	9	14	14376	5880	1620	162	436452468	436459023
5	8	12	14376	5880	1620	162	436459030	436467449
7	7	12	14376	5880	1620	162	436467456	436474543
7	9	8	14376	5880	1620	162	436474550	436481315
7	9	8	14376	5880	1620	162	436481322	436490012
4	6	11	14376	5880	1620	162	436490027	436498633
1	9	13	14376	5880	1620	162	436498640	436504271
4	9	11	14376	5880	1620	162	436504278	436511212
4	9	11	14375	5879	1621	161	436511219	436519461
6	11	12	14375	5879	1621	161	436519472	436527769
4	13	11	14375	5880	1622	160	436527777	436535028
1	9	18	14375	5880	1622	160	436535036	436541741
1	9	18	14375	5880	1622	160	436541748	436550148
2	8	17	14375	5880	1622	160	436550155	436556435
5	10	11	14374	5881	1622	160	436556442	436563235
5	10	11	14374	5881	1622	160	436563242	436570758
-1	4	11	14375	5880	1621	160	436570765	436578921
-2	5	9	14375	5880	1621	160	436578928	436587629
3	11	11	14375	5880	1620	159	436587648	436595102
9	14	14	14375	5880	1620	159	436595113	436602002
9	14	14	14375	5880	1620	159	436602009	436608516
5	9	18	14375	5880	1620	159	436608524	436616730
4	7	19	14375	5880	1620	159	436616738	436623426
4	7	19	14374	5881	1619	159	436623437	436630854
5	5	12	14374	5880	1618	159	436630861	436639146
-3	-4	8	14374	5880	1618	159	436639154	436647586
-31	1	13	14374	5882	1611	156	436647593	436653226
-31	1	13	14382	5868	1602	161	436653234	436658903
8	25	-3	14382	5868	1602	161	436658911	436664561
8	25	-3	14377	5875	1609	158	436664568	436670377
54	33	1	14377	5875	1609	158	436670384	436677391
-85	-31	75	14374	5882	1607	155	436677398	436684532
-26	9	3	14385	5867	1586	164	436684539	436692692
-26	9	3	14391	5858	1579	167	436692707	436700735
63	48	-30	14391	5858	1579	167	436700742	436706374
-19	-6	50	14385	5867	1586	163	436706381	436712299
-19	-6	50	14385	5867	1586	163	436712306	436718033
-46	-25	76	14387	5865	1587	167	436718044	436723683
-46	-25	76	14391	5861	1582	173	436723690	436730500
15	0	12	14391	5861	1577	171	436730507	436738749
51	19	-37	14391	5861	1577	171	436738757	436746083
-24	-11	29	14394	5857	1573	173	436746090	436752503
-24	-11	29	14391	5861	1576	170	436752510	436758334
0	-8	3	14391	5861	1576	170	436758341	436764061
0	-8	3	14386	5866	1577	161	436764069	436769738
-22	-3	4	14386	5866	1577	161	436769746	436777577
22	34	-28	14395	5850	1570	166	436777585	436784144
27	23	40	14394	5850	1581	167	436784151	436791777
27	23	40	14389	5858	1594	166	436791796	436800425
-22	-2	72	14389	5858	1594	166	436800436	436806072
-22	-8	58	14390	5856	1594	169	436806079	436811985
-22	-8	58	14390	5856	1594	169	436811993	436817924
7	14	-7	14391	5854	1585	166	436817931	436825015
-7	-1	-7	14391	5853	1578	161	436825026	436831947
-7	-1	-7	14389	5856	1578	160	436831954	436840469
-31	-8	2	14389	5857	1579	160	436840477	436849009
-59	-21	12	14389	5857	1579	160	436849016	436854651
-59	-14	-11	14388	5858	1581	160	436854659	436861625
-59	-14	-11	14394	5850	1583	167	436861632	436870081
1	38	-26	14394	5850	1583	167	436870088	436878447
-8	36	-3	14399	5843	1591	177	436878454	436885954
-35	17	23	14399	5848	1605	186	436885961	436893976
-36	11	-3	14403	5849	1613	203	436894011	436902078
-36	11	-3	14403	5849	1613	203	436902089	436907904
-4	20	-36	14412	5845	1615	226	436907911	436913604
-4	20	-36	14423	5840	1618	253	436913611	436919351
-7	14	-23	14423	5840	1618	253	436919362	436926374
-9	5	10	14431	5840	1630	26	436926381	436933712
-9	5	10	14438	5842	1644	54	436933720	436941203
4	0	35	14449	5839	1651	85	436941210	436949898
5	-6	15	14449	5839	1651	85	436949906	436955542
5	-6	15	14460	5835	1655	114	436955549	436961269
-19	-18	-7	14460	5835	1655	114	436961276	436966907
-35	-24	-18	14468	5834	1662	141	436966914	436972738
-35	-24	-18	14477	5830	1674	166	436972745	436980636
-16	7	-10	14486	5824	1692	193	436980651	436989073
0	25	12	14486	5824	1692	193	436989080	436997738
14	40	30	14495	5819	1712	223	436997765	437003583
14	40	30	14506	5814	1729	2	437003590	437009461
16	36	46	14506	5814	1729	2	437009468	437015117
16	36	46	14518	5810	1738	39	437015125	437021056
-5	11	17	14530	5808	1743	76	437021068	437029086
-3	0	-1	14530	5808	1743	76	437029093	437037453
-14	-12	-13	14542	5806	1747	112	437037460	437044515
-13	-16	-9	14552	5805	1755	148	437044522	437051901
-13	-16	-9	14552	5805	1755	148	437051908	437057539
4	-4	0	14563	5802	1769	185	437057546	437063366
4	-4	0	14575	5795	1787	224	437063373	437069138
16	9	19	14575	5795	1787	224	437069145	437076132
15	14	35	14587	5788	1807	5	437076140	437083469
15	14	35	14597	5784	1825	40	437083476	437091455
4	15	28	14607	5780	1838	74	437091462	437100592
-10	4	20	14607	5780	1838	74	437100611	437106266
-10	4	20	14616	5777	1848	107	437106273	437112071
-15	2	-1	14616	5777	1848	107	437112078	437117932
-15	1	-11	14626	5773	1858	141	437117939	437123644
-15	1	-11	14638	5767	1871	180	437123655	437130757
-5	5	11	14638	5767	1871	180	437130765	437138647
8	11	22	14649	5763	1889	220	437138654	437145514
10	8	30	14661	5757	1907	7	437145522	437152531
10	8	30	14661	5757	1907	7	437152538	437158363
2	-1	30	14672	5752	1921	48	437158370	437164011
2	-1	30	14683	5749	1934	88	437164018	437169667
-15	-11	1	14683	5749	1934	88	437169674	437175305
-15	-11	1	14693	5744	1945	125	437175312	437181621
-19	-7	-14	14704	5739	1958	163	437181628	437190144
-29	-6	-13	14704	5739	1958	163	437190151	437198949
-26	8	8	14714	5733	1976	203	437198956	437205093
-26	8	8	14725	5726	1997	246	437205108	437211036
-15	19	13	14725	5726	1997	246	437211043	437216674
-15	19	19	14738	5718	2018	37	437216681	437222604
-15	19	19	14751	5711	2036	87	437222615	437229916
-15	17	15	14751	5711	2036	87	437229923	437237768
-24	-1	6	14764	5705	2053	138	437237776	437244081
-24	-1	6	14777	5700	2069	192	437244088	437251957
-26	-7	0	14777	5700	2069	192	437251965	437257595
-21	-9	-2	14791	5694	2086	249	437257603	437263272
-21	-9	-2	14791	5694	2086	249	437263279	437269095
-17	-11	0	14805	5687	2105	51	437269102	437274734
-17	-11	0	14819	5679	2126	110	437274741	437281187
-10	-7	15	14833	5669	2149	169	437281195	437289229
-5	-1	17	14833	5669	2149	169	437289236	437296286
-6	1	9	14847	5660	2171	228	437296293	437303393
-6	1	9	14847	5660	2171	228	437303420	437309453
-10	1	14	14860	5651	2194	31	437309461	437315128
-10	1	14	14873	5641	2217	90	437315136	437320963
-12	1	16	14873	5641	2217	90	437320970	437327273
-15	0	11	14887	5633	2239	152	437327284	437333554
-15	0	11	14900	5623	2261	215	437333562	437341614
-23	-2	13	14913	5614	2283	23	437341621	437349830
-31	-10	4	14913	5614	2283	23	437349837	437355479
-31	-10	4	14927	5605	2306	89	437355486	437361394
-33	-6	-10	14927	5605	2306	89	437361401	437367032
-20	3	0	14941	5593	2330	157	437367039	437372747
-20	3	0	14941	5593	2330	157	437372755	437379173
-8	10	9	14955	5580	2358	229	437379180	437386039
4	9	39	14969	5568	2387	48	437386047	437393072
4	9	39	14984	5556	2415	127	437393080	437401453
-9	-4	35	14984	5556	2415	127	437401460	437407585
-30	-23	16	14997	5546	2438	206	437407604	437413560
-30	-23	16	15011	5537	2458	28	437413567	437419405
-28	-24	-11	15011	5537	2458	28	437419412	437426075
-19	-12	-2	15025	5524	2481	105	437426087	437432788
-19	-12	-2	15037	5511	2510	182	437432795	437441078
0	5	9	15037	5511	2510	182	437441085	437449203
9	10	38	15050	5496	2542	8	437449210	437454848
9	10	38	15062	5483	2569	90	437454855	437460751
7	11	40	15062	5483	2569	90	437460758	437466388
7	11	40	15074	5469	2596	172	437466396	437472200
8	5	18	15085	5458	2619	250	437472207	437479828
0	-3	9	15085	5458	2619	250	437479835	437488494
-13	-14	1	15095	5448	2643	72	437488501	437494790
-13	-14	1	15106	5433	2669	151	437494797	437502252
-24	-22	6	15106	5433	2669	151	437502259	437508335
-2	-6	5	15117	5417	2697	232	437508362	437514120
-2	-6	5	15128	5399	2727	60	437514127	437519780
23	14	34	15128	5399	2727	60	437519787	437525487
64	37	25	15138	5382	2756	142	437525498	437532416
64	37	25	15144	5375	2780	218	437532423	437540956
-21	-17	50	15144	5375	2780	218	437540963	437549571
-31	-26	10	15153	5364	2795	36	437549579	437555213
-31	-26	10	15162	5349	2810	111	437555220	437560970
-22	-19	-37	15162	5349	2810	111	437560977	437566608
-22	-7	-48	15170	5333	2837	186	437566615	437572453
-22	-7	-48	15175	5318	2874	8	437572461	437580283
-35	-5	23	15175	5318	2874	8	437580291	437588787
-34	0	48	15182	5300	2908	93	437588794	437595863
-26	7	43	15190	5281	2935	181	437595870	437602911
-26	7	43	15190	5281	2935	181	437602919	437608735
-17	13	20	15198	5263	2956	14	437608743	437614932
-17	13	20	15204	5246	2983	104	437614947	437620755
24	22	3	15204	5246	2983	104	437620763	437628860
16	0	38	15208	5234	3013	195	437628871	437636327
-2	-25	60	15212	5221	3038	32	437636335	437643653
-2	-25	60	15218	5204	3055	122	437643661	437651940
5	-28	39	15218	5204	3055	122	437651947	437657577
16	-18	-18	15224	5187	3073	205	437657584	437663469
16	-18	-18	15224	5187	3073	205	437663476	437669292
6	-20	-8	15226	5171	3101	23	437669300	437675390
4	-14	10	15227	5154	3135	95	437675397	437682640
4	-14	10	15229	5135	3165	169	437682647	437691285
5	12	33	15229	5135	3165	169	437691292	437699693
17	27	23	15233	5113	3191	245	437699700	437705338
17	27	23	15235	5094	3215	67	437705346	437711121
19	31	18	15235	5094	3215	67	437711128	437717375
1	17	31	15235	5081	3240	141	437717390	437723330
1	17	31	15235	5068	3262	217	437723337	437731548
-19	-10	15	15236	5053	3281	39	437731559	437740239
-8	-9	5	15236	5053	3281	39	437740246	437747642
10	-2	0	15236	5036	3303	120	437747650	437754099
10	-2	0	15235	5020	3328	199	437754106	437759909
5	-9	20	15235	5020	3328	199	437759916	437765565
5	-9	20	15235	5004	3351	18	437765573	437771464
-27	-30	21	15235	5004	3351	18	437771471	437777102
-19	-20	7	15235	4985	3372	91	437777109	437783431
-19	-20	7	15234	4966	3396	162	437783439	437791621
0	-2	-16	15234	4966	3396	162	437791628	437799802
-15	-3	5	15231	4948	3426	233	437799809	437805443
-15	-3	5	15228	4928	3454	52	437805450	437811270
-19	2	29	15228	4928	3454	52	437811277	437817395
-18	7	27	15226	4908	3479	130	437817414	437823317
-18	7	27	15224	4889	3500	209	437823386	437830113
-7	15	5	15224	4889	3500	209	437830124	437837431
-13	2	2	15219	4873	3525	32	437837438	437843832
-13	2	2	15214	4857	3550	110	437843840	437852002
-49	-22	6	15214	4857	3550	110	437852009	437857640
-43	-19	-3	15210	4836	3574	191	437857647	437863488
-43	-19	-3	15210	4836	3574	191	437863495	437869311
-15	-1	-13	15206	4813	3600	20	437869318	437874949
-15	-1	-13	15199	4790	3632	106	437874956	437881526
-16	0	22	15199	4790	3632	106	437881533	437889500
-29	-10	42	15192	4769	3662	192	437889507	437896128
-33	-11	28	15186	4747	3686	23	437896135	437903509
-33	-11	28	15186	4747	3686	23	437903517	437909431
-19	-4	-3	15180	4725	3708	111	437909438	437915093
-19	-4	-3	15171	4703	3736	199	437915101	437921452
-38	-17	-2	15171	4703	3736	199	437921467	437927181
-52	-28	13	15161	4679	3771	33	437927192	437933774
-52	-28	13	15152	4651	3802	127	437933782	437942019
-45	-22	21	15152	4651	3802	127	437942027	437950201
-22	-7	7	15143	4621	3830	225	437950209	437955841
-22	-7	7	15132	4595	3860	66	437955849	437961509
-24	-4	10	15132	4595	3860	66	437961516	437967147
-24	-4	10	15119	4569	3892	164	437967154	437973047
-33	-9	17	15119	4569	3892	164	437973055	437979394
-30	-8	9	15106	4543	3921	8	437979401	437985887
-33	-15	6	15092	4516	3951	110	437985894	437993101
-33	-15	6	15077	4487	3982	215	437993108	438001176
-40	-18	2	15077	4487	3982	215	438001183	438006821
-40	-18	2	15062	4456	4014	66	438006828	438012736
-35	-16	11	15062	4456	4014	66	438012743	438018374
-25	-9	9	15045	4424	4046	173	438018382	438024755
-25	-9	9	15027	4392	4079	26	438024770	438031522
0	2	24	15027	4392	4079	26	438031533	438039678
-5	-3	35	15008	4361	4111	137	438039685	438046293
-39	-24	34	14988	4333	4141	245	438046300	438053701
-39	-24	34	14988	4333	4141	245	438053708	438059594
-52	-33	-1	14969	4302	4167	99	438059601	438065232
-52	-33	-1	14948	4269	4196	210	438065239	438070952
-26	-3	-15	14948	4269	4196	210	438070960	438076590
-7	8	-4	14926	4233	4230	66	438076598	438083315
-7	8	-4	14900	4197	4269	181	438083322	438092076
-16	0	36	14874	4163	4302	44	438092083	438100868
-32	-7	52	14874	4163	4302	44	438100875	438106510
-32	-7	52	14848	4130	4327	165	438106518	438112386
-29	-15	0	14848	4130	4327	165	438112394	438118024
-44	-26	-9	14820	4096	4354	29	438118031	438124326
-44	-26	-9	14791	4061	4388	148	438124345	438131116
-53	-32	-9	14791	4061	4388	148	438131127	438139603
-57	-34	1	14759	4023	4423	13	438139611	438146682
-17	-2	15	14727	3981	4456	140	438146689	438153849
-17	-2	15	14727	3981	4456	140	438153856	438159727
-21	-6	31	14693	3940	4489	12	438159735	438165376
-21	-6	31	14658	3901	4521	140	438165384	438171088
-29	-10	28	14658	3901	4521	140	438171095	438176726
-31	-16	21	14621	3863	4549	11	438176733	438183508
-31	-16	21	14584	3824	4577	139	438183515	438191477
-24	-13	-10	14584	3824	4577	139	438191484	438199675
-38	-26	0	14544	3784	4610	11	438199682	438205320
-38	-26	0	14502	3742	4644	141	438205328	438211152
-56	-35	17	14502	3742	4644	141	438211160	438216793
-56	-35	17	14460	3696	4674	20	438216800	438222618
-21	-7	9	14460	3696	4674	20	438222625	438230303
-10	0	13	14415	3649	4705	155	438230322	438238004
-19	-6	25	14368	3604	4739	33	438238012	438244602
-19	-6	25	14319	3562	4772	166	438244609	438252874
-47	-29	42	14319	3562	4772	166	438252881	438258515
-25	-20	3	14270	3518	4799	46	438258522	438264461
-25	-20	3	14270	3518	4799	46	438264469	438270275
3	-4	-4	14219	3471	4825	185	438270282	438275913
3	-4	-4	14165	3423	4858	66	438275920	438282816
15	-6	15	14109	3376	4894	200	438282823	438291366
-1	-21	59	14109	3376	4894	200	438291373	438299981
-6	-29	40	14056	3332	4921	76	438299989	438305623
-6	-29	40	14003	3290	4941	204	438305630	438311308
-12	-33	3	14003	3290	4941	204	438311315	438316946
-12	-33	3	13951	3247	4965	69	438316953	438322775
-37	-36	-21	13896	3201	4996	190	438322783	438331160
-72	-49	-13	13896	3201	4996	190	438331179	438339600
-33	1	0	13840	3147	5025	60	438339607	438346732
-1	25	19	13779	3088	5053	195	438346739	438354123
-1	25	19	13779	3088	5053	195	438354130	438360017
9	32	49	13714	3033	5085	75	438360025	438365655
9	32	49	13646	2986	5113	211	438365662	438371376
-18	-17	64	13646	2986	5113	211	438371384	438378228
-26	-38	22	13579	2946	5133	90	438378235	438385367
-26	-38	22	13512	2906	5151	222	438385374	438393056
-25	-50	-12	13445	2860	5173	94	438393064	438401667
-26	-52	-28	13445	2860	5173	94	438401674	438407305
-26	-52	-28	13376	2807	5203	219	438407312	438413178
-36	-52	20	13376	2807	5203	219	438413185	438418821
-20	-28	47	13306	2747	5233	90	438418828	438424717
-20	-28	47	13237	2687	5257	215	438424725	438433211
3	-2	34	13167	2632	5281	81	438433230	438441986
-4	0	32	13167	2632	5281	81	438441993	438450574
-32	-2	21	13098	2580	5305	200	438450582	438456212
-32	-2	21	13025	2530	5327	64	438456220	438462134
-24	0	14	13025	2530	5327	64	438462141	438467814
-24	0	14	12950	2479	5347	187	438467821	438473630
-16	4	9	12872	2428	5367	57	438473637	438481289
-16	-2	8	12872	2428	5367	57	438481296	438489118
16	-3	24	12791	2376	5389	184	438489125	438496125
16	-3	24	12708	2322	5409	55	438496132	438503605
57	5	45	12708	2322	5409	55	438503612	438509255
93	17	52	12626	2268	5430	177	438509262	438515058
93	17	52	12547	2221	5455	33	438515065	438520873
22	-43	101	12547	2221	5455	33	438520880	438527953
-68	-105	53	12474	2191	5471	134	438527960	438536065
-68	-105	53	12410	2165	5469	231	438536084	438543599
-88	-105	-30	12351	2124	5470	66	438543606	438552218
-31	-50	-110	12351	2124	5470	66	438552225	438557860
-31	-50	-110	12289	2063	5490	151	438557867	438563746
1	28	-9	12289	2063	5490	151	438563753	438569385
-26	30	85	12221	1993	5521	240	438569393	438575137
-26	30	85	12146	1931	5543	82	438575145	438583004
-39	32	119	12072	1886	5550	183	438583012	438591384
-27	44	74	12072	1886	5550	183	438591392	438599535
-45	11	-44	11996	1851	5551	30	438599542	438605650
-45	11	-44	11917	1817	5564	128	438605658	438611377
-71	-22	-43	11917	1817	5564	128	438611384	438617020
-71	-22	-43	11833	1775	5583	229	438617027	438622867
-78	-44	-22	11833	1775	5583	229	438622874	438630962
-42	-32	-11	11742	1722	5597	83	438630970	438639908
20	-2	33	11648	1663	5609	198	438639927	438647015
28	0	58	11555	1605	5624	51	438647022	438654395
28	0	58	11555	1605	5624	51	438654402	438660354
22	-6	63	11467	1553	5637	153	438660361	438666015
22	-6	63	11385	1511	5650	244	438666023	438671765
-6	-27	55	11385	1511	5650	244	438671772	438678834
-23	-27	-29	11308	1471	5657	75	438678841	438686133
-23	-27	-29	11229	1426	5665	164	438686140	438693647
-35	-25	-31	11147	1372	5675	253	438693654	438702330
-37	-13	-20	11147	1372	5675	253	438702338	438707974
-37	-13	-20	11061	1312	5687	88	438707981	438713674
-11	21	39	11061	1312	5687	88	438713682	438719315
18	42	38	10976	1255	5697	178	438719322	438725109
18	42	38	10888	1204	5706	13	438725116	438733137
12	31	50	10800	1162	5716	101	438733148	438741869
-15	4	43	10800	1162	5716	101	438741884	438750597
-40	-32	-7	10710	1124	5722	190	438750604	438756236
-40	-32	-7	10621	1085	5726	22	438756243	438762224
-37	-30	-31	10621	1085	5726	22	438762231	438767892
-37	-30	-31	10532	1038	5730	110	438767899	438773752
-18	-21	-28	10442	983	5741	193	438773760	438781298
-10	-14	-2	10442	983	5741	193	438781305	438789348
-26	-11	48	10353	928	5752	19	438789355	438796372
-26	-11	48	10265	876	5756	101	438796379	438804060
4	17	11	10265	876	5756	101	438804067	438809710
6	20	6	10177	826	5758	182	438809717	438815448
6	20	6	10089	778	5765	4	438815456	438821266
1	23	16	10089	778	5765	4	438821273	438828264
23	20	35	9999	730	5772	82	438828272	438835554
23	20	35	9906	684	5775	163	438835566	438843947
84	46	32	9811	634	5778	244	438843963	438852463
152	68	50	9811	634	5778	244	438852471	438858111
152	68	50	9721	591	5792	58	438858119	438863877
136	19	120	9721	591	5792	58	438863884	438869514
105	-32	126	9638	561	5803	121	438869522	438875317
105	-32	126	9572	552	5806	173	438875325	438883186
17	-96	87	9528	556	5799	212	438883193	438891815
-38	-127	-19	9528	556	5799	212	438891822	438900034
-54	-80	-128	9501	549	5790	238	438900042	438906145
-54	-80	-128	9477	514	5784	6	438906152	438912000
-10	8	-112	9477	514	5784	6	438912007	438917640
-10	8	-112	9449	450	5789	28	438917648	438923472
14	73	-19	9408	382	5799	57	438923479	438931527
8	113	62	9408	382	5799	57	438931534	438939540
-41	100	116	9357	333	5802	97	438939551	438947437
7	117	24	9304	310	5797	141	438947456	438954835
7	117	24	9304	310	5797	141	438954843	438960704
9	83	-29	9249	304	5791	185	438960712	438966343
9	83	-29	9189	299	5794	229	438966350	438972172
0	40	-58	9189	299	5794	229	438972179	438979287
-37	-60	-9	9123	283	5805	18	438979294	438986603
-37	-60	-9	9052	260	5812	67	438986610	438994076
-23	-67	-6	8984	235	5807	119	438994084	439002833
-11	-63	3	8984	235	5807	119	439002840	439008477
-11	-63	3	8929	203	5802	162	439008484	439014482
32	-9	0	8929	203	5802	162	439014489	439020125
10	3	30	8891	167	5808	187	439020132	439026297
10	3	30	8858	134	5814	208	439026304	439034006
-8	16	35	8824	107	5810	234	439034014	439042406
3	47	16	8824	107	5810	234	439042418	439051574
-5	59	-7	8784	81	5805	9	439051590	439057224
-5	59	-7	8739	57	5804	41	439057231	439062986
-47	30	5	8739	57	5804	41	439062993	439068623
-47	30	5	8693	37	5808	71	439068630	439074449
-85	2	5	8647	22	5808	102	439074456	439082298
-87	-7	-14	8647	22	5808	102	439082306	439090804
-51	9	-76	8598	4	5804	137	439090812	439097872
-68	1	-53	8544	-23	5804	174	439097879	439105063
-68	1	-53	8544	-23	5804	174	439105070	439110921
-87	-8	-9	8484	-59	5808	212	439110928	439116559
-87	-8	-9	8418	-97	5807	0	439116566	439122388
-60	10	5	8418	-97	5807	0	439122395	439129841
9	47	6	8349	-133	5802	47	439129849	439137166
9	47	6	8281	-168	5802	91	439137177	439144452
3	38	15	8212	-199	5807	132	439144459	439153443
-10	13	19	8212	-199	5807	132	439153458	439159092
-7	-4	-12	8143	-225	5808	175	439159099	439165046
-7	-4	-12	8143	-225	5808	175	439165053	439170911
18	6	-28	8073	-250	5803	220	439170918	439176548
18	6	-28	8006	-281	5800	6	439176555	439184209
24	11	-9	7942	-316	5801	44	439184216	439192544
18	8	23	7942	-316	5801	44	439192551	439201203
16	9	35	7883	-348	5802	78	439201211	439206841
16	9	35	7828	-374	5799	112	439206848	439212529
18	14	7	7828	-374	5799	112	439212536	439218168
18	14	7	7776	-397	5794	144	439218175	439223992
7	13	-16	7728	-420	5793	172	439223999	439232014
-20	5	-17	7728	-420	5793	172	439232021	439240132
-36	14	-2	7678	-444	5791	201	439240143	439247117
-4	39	-6	7628	-469	5784	232	439247124	439255276
-4	39	-6	7628	-469	5784	232	439255292	439261212
22	58	-10	7575	-497	5778	8	439261219	439266917
22	58	-10	7520	-526	5778	38	439266925	439272601
6	43	17	7520	-526	5778	38	439272608	439279460
-39	2	18	7464	-550	5780	67	439279467	439286777
-39	2	18	7409	-567	5776	99	439286784	439294506
-27	4	-15	7354	-584	5772	130	439294513	439302613
3	22	-54	7354	-584	5772	130	439302621	439308251
3	22	-54	7301	-610	5770	159	439308258	439314224
9	20	-35	7301	-610	5770	159	439314231	439319866
-34	-10	20	7247	-643	5775	184	439319873	439325526
-34	-10	20	7193	-672	5776	211	439325533	439333836
-49	-12	22	7139	-692	5767	243	439333851	439342466
-42	5	0	7139	-692	5767	243	439342477	439351190
-42	29	-39	7088	-711	5756	17	439351213	439356935
-42	29	-39	7037	-733	5751	44	439356946	439362735
-58	27	-17	7037	-733	5751	44	439362743	439368379
-58	27	-17	6983	-759	5748	72	439368386	439374208
-60	27	-17	6983	-759	5748	72	439374216	439381809
-58	26	-23	6922	-788	5746	102	439381817	439389408
-88	5	-23	6855	-815	5740	137	439389415	439396557
-88	5	-23	6782	-840	5732	176	439396564	439404587
-84	3	-29	6782	-840	5732	176	439404594	439410246
-68	19	-52	6709	-866	5722	214	439410253	439416079
-68	19	-52	6709	-866	5722	214	439416087	439421852
-33	38	-49	6633	-900	5715	251	439421860	439428771
57	73	41	6549	-943	5712	34	439428779	439435964
57	73	41	6455	-986	5706	77	439435971	439444196
82	75	63	6359	-1021	5706	119	439444208	439453231
63	31	94	6359	-1021	5706	119	439453254	439458959
63	31	94	6268	-1038	5707	158	439458970	439465000
9	-33	84	6268	-1038	5707	158	439465008	439470642
-36	-77	-76	6194	-1041	5703	193	439470650	439476375
-36	-77	-76	6137	-1046	5697	220	439476382	439484000
-34	-63	-131	6089	-1072	5691	241	439484007	439492540
-56	-49	-105	6089	-1072	5691	241	439492547	439500705
-42	38	15	6041	-1118	5682	6	439500712	439506760
-42	38	15	5986	-1174	5669	30	439506768	439512562
3	107	48	5986	-1174	5669	30	439512569	439518200
3	107	48	5922	-1224	5650	60	439518207	439523990
40	144	59	5922	-1224	5650	60	439523997	439531843
43	141	61	5854	-1261	5639	90	439531850	439539491
-6	43	40	5780	-1282	5637	119	439539502	439546405
-6	43	40	5701	-1289	5641	149	439546412	439554684
-30	-15	0	5701	-1289	5641	149	439554692	439560903
-34	-53	-52	5617	-1289	5642	182	439560918	439566765
-34	-53	-52	5532	-1295	5636	217	439566772	439572647
-40	-75	-78	5532	-1295	5636	217	439572654	439579517
-57	-78	-17	5453	-1318	5631	247	439579524	439586610
-57	-78	-17	5384	-1356	5625	16	439586618	439594541
-16	-26	4	5322	-1399	5611	40	439594548	439603259
38	34	11	5322	-1399	5611	40	439603266	439608898
38	34	11	5264	-1441	5596	63	439608906	439614812
63	75	20	5264	-1441	5596	63	439614819	439620454
31	75	61	5205	-1480	5588	84	439620461	439626267
31	75	61	5143	-1509	5581	105	439626274	439634373
46	76	40	5077	-1526	5572	131	439634380	439642819
82	78	15	5077	-1526	5572	131	439642830	439651170
113	72	0	5011	-1542	5566	154	439651177	439657259
113	72	0	4949	-1561	5569	172	439657266	439663613
68	-1	58	4949	-1561	5569	172	439663628	439669259
68	-1	58	4895	-1575	5574	187	439669266	439675020
71	-24	60	4850	-1582	5571	203	439675027	439682946
93	-22	34	4850	-1582	5571	203	439682954	439691244
97	-7	23	4821	-1588	5567	213	439691252	439698341
87	1	39	4809	-1596	5565	217	439698349	439705675
87	1	39	4809	-1596	5565	217	439705683	439711565
82	17	59	4809	-1606	5564	216	439711572	439717205
82	17	59	4818	-1612	5562	213	439717212	439722854
80	33	53	4818	-1612	5562	213	439722861	439730154
-6	7	8	4832	-1612	5563	208	439730162	439737440
-6	7	8	4853	-1603	5564	202	439737448	439745019
-42	6	-14	4877	-1592	5560	197	439745031	439753483
-45	19	-42	4877	-1592	5560	197	439753490	439759121
-45	19	-42	4903	-1588	5557	190	439759128	439765606
9	62	-60	4903	-1588	5557	190	439765621	439771268
64	111	15	4924	-1593	5552	184	439771275	439777157
64	111	15	4939	-1604	5554	177	439777164	439784864
27	84	63	4950	-1606	5564	169	439784871	439793413
12	54	80	4950	-1606	5564	169	439793421	439802072
27	41	50	4960	-1589	5568	166	439802079	439807709
27	41	50	4977	-1561	5568	163	439807717	439813615
81	34	-37	4977	-1561	5568	163	439813622	439819253
81	34	-37	5004	-1537	5576	153	439819260	439825106
83	14	0	5039	-1524	5589	138	439825114	439833043
85	10	42	5039	-1524	5589	138	439833050	439841376
116	9	86	5078	-1509	5601	121	439841383	439848503
108	1	66	5121	-1485	5607	106	439848514	439855883
108	1	66	5121	-1485	5607	106	439855890	439861783
34	-44	51	5180	-1449	5613	86	439861790	439868734
34	-44	51	5259	-1405	5626	57	439868749	439874608
-10	-61	7	5259	-1405	5626	57	439874615	439882364
-6	-5	-68	5355	-1362	5633	23	439882371	439889971
-14	18	-59	5455	-1328	5636	243	439889979	439896905
-14	18	-59	5551	-1308	5641	206	439896912	439905167
-36	35	-14	5551	-1308	5641	206	439905174	439910932
-22	65	22	5638	-1296	5644	172	439910939	439916779
-22	65	22	5638	-1296	5644	172	439916786	439922564
46	120	50	5717	-1280	5645	141	439922571	439929484
70	110	49	5793	-1256	5650	111	439929492	439936826
70	110	49	5868	-1221	5663	78	439936833	439945061
65	76	62	5939	-1175	5679	46	439945072	439953783
49	25	61	5939	-1175	5679	46	439953798	439959459
49	25	61	6011	-1119	5696	13	439959466	439965913
1	-71	7	6011	-1119	5696	13	439965940	439971646
-46	-112	-16	6090	-1056	5708	235	439971653	439977464
-46	-112	-16	6182	-996	5718	195	439977471	439985174
-73	-117	-43	6287	-947	5722	150	439985181	439993678
-65	-42	-67	6287	-947	5722	150	439993686	440002357
-60	6	-40	6401	-913	5725	99	440002365	440008008
-60	6	-40	6513	-892	5727	48	440008015	440013683
-63	48	-4	6513	-892	5727	48	440013690	440019320
-63	48	-4	6615	-875	5729	255	440019327	440025130
-71	77	21	6704	-853	5731	213	440025138	440033184
-52	89	24	6704	-853	5731	213	440033191	440041144
-37	86	-18	6781	-819	5731	178	440041151	440048252
-37	86	-18	6849	-775	5733	145	440048263	440055918
-16	74	-37	6849	-775	5733	145	440055925	440061690
14	56	-26	6907	-733	5740	115	440061697	440067535
14	56	-26	6958	-698	5753	86	440067543	440073380
74	12	24	6958	-698	5753	86	440073387	440082008
91	5	26	7003	-665	5764	60	440082023	440089265
114	-19	60	7052	-631	5774	32	440089273	440096328
114	-19	60	7114	-595	5787	252	440096336	440104948
118	-38	73	7114	-595	5787	252	440104956	440110597
87	-69	98	7197	-553	5797	206	440110604	440116260
87	-69	98	7197	-553	5797	206	440116267	440121897
-1	-100	77	7304	-505	5809	145	440121905	440128184
-1	-100	77	7430	-445	5818	74	440128191	440135869
-84	-122	40	7571	-378	5816	254	440135876	440144413
-98	-50	-102	7571	-378	5816	254	440144421	440153269
-89	14	-129	7714	-318	5804	179	440153280	440159174
-89	14	-129	7853	-281	5795	101	440159182	440165058
-79	70	-82	7853	-281	5795	101	440165074	440171234
-71	121	-6	7978	-264	5796	25	440171257	440177205
-71	121	-6	8082	-251	5801	215	440177216	440185150
-6	152	67	8164	-226	5803	164	440185157	440193657
22	137	67	8164	-226	5803	164	440193664	440201662
16	75	59	8233	-181	5805	120	440201670	440207710
16	75	59	8296	-118	5811	77	440207718	440213589
18	15	26	8296	-118	5811	77	440213596	440219227
18	15	26	8360	-48	5819	33	440219234	440225031
32	-71	-34	8360	-48	5819	33	440225038	440233087
42	-97	-4	8431	20	5827	239	440233095	440240735
31	-101	23	8506	74	5834	186	440240742	440248031
31	-101	23	8595	119	5841	122	440248042	440255880
33	-99	62	8595	119	5841	122	440255888	440261541
8	-53	54	8696	162	5840	53	440261549	440267405
8	-53	54	8696	162	5840	53	440267412	440273534
19	-13	11	8815	211	5835	227	440273557	440280355
4	15	-9	8947	262	5830	135	440280366	440287386
4	15	-9	9078	313	5828	39	440287393	440295420
-12	28	-12	9202	359	5827	202	440295428	440304050
-33	43	14	9202	359	5827	202	440304057	440309747
-33	43	14	9308	408	5824	122	440309754	440315655
-46	43	36	9308	408	5824	122	440315662	440321293
-40	37	39	9412	457	5821	41	440321300	440326951
-40	37	39	9513	514	5819	216	440326959	440334927
-57	0	12	9513	514	5819	216	440334935	440343368
-58	-17	-9	9609	580	5815	139	440343375	440351162
-29	-21	-40	9699	642	5807	66	440351174	440357654
-29	-21	-40	9699	642	5807	66	440357662	440363490
-49	-40	-7	9786	696	5803	249	440363497	440369128
-49	-40	-7	9875	746	5797	175	440369135	440375296
-18	-30	4	9875	746	5797	175	440375319	440383068
38	9	-9	9966	791	5788	98	440383079	440390729
65	28	2	10060	834	5787	15	440390736	440397669
65	28	2	10155	881	5791	181	440397676	440405915
41	10	47	10155	881	5791	181	440405922	440411567
-70	-60	62	10253	938	5788	90	440411574	440417418
-70	-60	62	10253	938	5788	90	440417425	440423296
-45	-37	-17	10354	997	5769	4	440423303	440430229
-2	0	-86	10455	1047	5756	167	440430237	440437316
-2	0	-86	10554	1085	5761	68	440437324	440445610
-12	8	-56	10649	1122	5764	228	440445617	440454327
-36	3	67	10649	1122	5764	228	440454338	440460013
-36	3	67	10740	1167	5751	141	440460020	440465869
-3	26	58	10740	1167	5751	141	440465876	440471507
20	42	26	10829	1219	5735	55	440471514	440477611
20	42	26	10919	1277	5729	217	440477634	440485423
-17	-4	22	11009	1336	5721	121	440485434	440493771
-24	-31	14	11009	1336	5721	121	440493778	440501776
-24	-39	16	11099	1394	5710	26	440501783	440508250
-24	-39	16	11099	1394	5710	26	440508258	440514020
-9	-38	13	11188	1449	5698	186	440514027	440519659
-9	-38	13	11279	1500	5684	88	440519666	440525455
3	-22	9	11279	1500	5684	88	440525462	440533420
-6	-21	19	11372	1551	5671	241	440533427	440541009
-20	-23	28	11468	1602	5662	130	440541016	440547584
-20	-23	28	11565	1655	5650	18	440547595	440555971
-34	-21	36	11565	1655	5650	18	440555979	440561690
-22	4	-15	11659	1707	5633	164	440561697	440567556
-22	4	-15	11659	1707	5633	164	440567563	440573391
-52	-5	-8	11749	1758	5621	55	440573399	440579032
-82	-21	5	11835	1807	5611	204	440579039	440586841
-82	-21	5	11917	1854	5595	103	440586856	440595278
-81	-15	2	11917	1854	5595	103	440595285	440603889
-28	23	-8	11995	1899	5580	5	440603896	440609546
-28	23	-8	12069	1941	5568	165	440609553	440615214
-2	30	7	12069	1941	5568	165	440615222	440620855
-1	18	44	12138	1985	5561	71	440620862	440626672
-1	18	44	12205	2036	5546	236	440626679	440634745
-12	-2	57	12205	2036	5546	236	440634752	440643183
-5	-26	9	12274	2090	5525	145	440643190	440650566
-7	-36	-11	12344	2142	5506	49	440650577	440657589
-7	-36	-11	12344	2142	5506	49	440657596	440663435
-8	-39	-2	12416	2189	5492	203	440663442	440669072
-8	-39	-2	12489	2231	5480	96	440669080	440674890
8	-22	29	12489	2231	5480	96	440674897	440682661
17	-8	44	12562	2272	5465	246	440682684	440690240
21	1	47	12635	2315	5450	138	440690252	440697222
21	1	47	12710	2362	5431	26	440697229	440705881
5	-5	44	12710	2362	5431	26	440705888	440711536
-22	-10	8	12785	2413	5411	167	440711543	440717403
-22	-10	8	12785	2413	5411	167	440717410	440723247
-31	-14	0	12860	2463	5393	49	440723254	440729591
-31	-11	0	12932	2509	5375	190	440729598	440736954
-31	-11	0	13000	2553	5356	79	440736961	440745414
-27	-5	11	13000	2553	5356	79	440745421	440754026
-5	7	27	13065	2597	5337	226	440754038	440759684
-5	7	27	13130	2643	5317	117	440759691	440765419
-2	1	19	13130	2643	5317	117	440765426	440771059
-17	-13	27	13193	2692	5297	6	440771067	440776894
-17	-13	27	13193	2692	5297	6	440776902	440783597
-29	-27	22	13256	2740	5276	150	440783604	440791267
21	-2	-12	13319	2785	5252	39	440791282	440797824
21	-2	-12	13379	2828	5234	183	440797831	440805993
-2	-18	30	13379	2828	5234	183	440806000	440811652
-19	-25	36	13440	2872	5215	68	440811659	440817545
-19	-25	36	13440	2872	5215	68	440817552	440823387
-49	-34	10	13501	2917	5193	207	440823394	440829024
-49	-34	10	13564	2961	5163	91	440829031	440836239
-28	-4	-31	13623	3001	5141	229	440836247	440844553
-26	0	-28	13623	3001	5141	229	440844560	440852632
-48	-4	0	13678	3040	5128	112	440852644	440858674
-48	-4	0	13730	3076	5109	3	440858681	440864524
-52	-2	27	13730	3076	5109	3	440864532	440870171
-52	-2	27	13781	3114	5084	156	440870178	440875952
-31	15	1	13781	3114	5084	156	440875959	440883031
-27	16	-3	13828	3152	5059	56	440883038	440890248
-14	13	0	13873	3191	5040	212	440890267	440897481
-14	13	0	13915	3229	5022	115	440897488	440906102
10	-1	29	13915	3229	5022	115	440906109	440911866
1	-19	37	13955	3268	5003	19	440911873	440917677
1	-19	37	13955	3268	5003	19	440917684	440923515
-12	-40	47	13996	3308	4981	179	440923522	440930173
-16	-45	29	14039	3347	4952	79	440930180	440937390
-16	-45	29	14085	3384	4926	229	440937397	440945727
5	-22	-14	14085	3384	4926	229	440945734	440954348
0	-15	1	14130	3418	4908	114	440954359	440960000
0	-15	1	14173	3451	4893	0	440960007	440965702
-13	-16	27	14173	3451	4893	0	440965709	440971346
-13	-16	27	14216	3483	4871	146	440971353	440977164
-25	3	29	14258	3516	4842	39	440977171	440984429
-23	14	7	14258	3516	4842	39	440984437	440992915
-22	16	-9	14299	3551	4815	189	440992934	441000231
-32	6	-6	14336	3587	4794	81	441000239	441007645
-32	6	-6	14336	3587	4794	81	441007653	441013545
-47	-11	12	14371	3623	4775	234	441013553	441019183
-47	-11	12	14403	3655	4752	140	441019191	441025002
-35	-10	7	14403	3655	4752	140	441025009	441031594
-21	-2	-1	14435	3684	4727	50	441031601	441038136
-21	-2	-1	14465	3713	4706	216	441038143	441046182
-4	0	-1	14494	3743	4688	122	441046189	441055049
7	-5	32	14494	3743	4688	122	441055060	441060777
7	-5	32	14523	3774	4669	27	441060784	441066618
13	-6	65	14523	3774	4669	27	441066626	441072261
50	16	48	14553	3805	4642	189	441072268	441078004
50	16	48	14582	3839	4616	92	441078011	441085686
80	22	19	14611	3878	4590	245	441085694	441094727
6	-39	51	14611	3878	4590	245	441094746	441102542
-12	-60	41	14642	3918	4560	135	441102550	441109002
-12	-60	41	14676	3956	4526	19	441109009	441114858
0	-48	2	14676	3956	4526	19	441114865	441120498
0	-48	2	14710	3986	4495	155	441120505	441126289
10	-25	-20	14710	3986	4495	155	441126296	441134190
3	-2	38	14741	4016	4476	30	441134197	441141906
21	19	62	14771	4043	4454	166	441141913	441149242
21	19	62	14801	4073	4425	48	441149249	441157135
45	35	62	14801	4073	4425	48	441157146	441163011
14	7	47	14829	4111	4392	184	441163019	441168797
14	7	47	14857	4154	4355	62	441168804	441174609
-17	-28	48	14857	4154	4355	62	441174616	441181597
-3	-27	6	14884	4198	4314	194	441181612	441188892
-3	-27	6	14911	4237	4276	71	441188900	441197478
8	-31	-4	14935	4272	4243	204	441197493	441206325
27	-28	38	14935	4272	4243	204	441206332	441212025
12	-38	78	14958	4306	4216	77	441212032	441217822
12	-38	78	14958	4306	4216	77	441217829	441223459
9	-31	71	14983	4342	4180	200	441223467	441229495
9	-31	71	15010	4378	4136	61	441229502	441237205
12	-23	19	15033	4420	4100	169	441237213	441245557
-69	-49	32	15033	4420	4100	169	441245564	441254197
-39	-14	-29	15057	4453	4059	24	441254204	441259943
-39	-14	-29	15078	4484	4025	139	441259954	441265783
-41	-5	8	15078	4484	4025	139	441265790	441271423
-41	-5	8	15098	4509	3991	10	441271430	441277302
1	39	-20	15112	4539	3964	139	441277309	441285184
16	37	56	15112	4539	3964	139	441285192	441293389
22	26	69	15126	4573	3931	17	441293396	441301538
38	14	55	15140	4610	3888	155	441301553	441308579
38	14	55	15140	4610	3888	155	441308586	441314532
13	-45	40	15152	4651	3843	31	441314540	441320172
13	-45	40	15163	4692	3799	161	441320179	441325965
-2	-69	24	15163	4692	3799	161	441325973	441334025
-18	-84	17	15174	4731	3756	27	441334033	441341036
-36	-80	-3	15185	4763	3713	145	441341043	441348022
-36	-80	-3	15197	4789	3675	0	441348029	441356599
-44	-33	-22	15197	4789	3675	0	441356610	441362263
-44	-33	-22	15206	4811	3646	109	441362270	441368017
-31	6	-4	15206	4811	3646	109	441368025	441373657
-9	43	22	15213	4830	3622	224	441373664	441379444
-9	43	22	15218	4852	3596	91	441379451	441387211
-5	61	45	15222	4879	3562	225	441387219	441395651
-26	39	41	15222	4879	3562	225	441395659	441404565
-19	23	2	15226	4909	3519	111	441404580	441410275
-19	23	2	15227	4942	3476	1	441410283	441416083
-29	-6	-5	15227	4942	3476	1	441416091	441421721
-29	-6	-5	15227	4975	3438	150	441421729	441427504
-30	-30	-5	15226	5002	3401	44	441427512	441435693
-8	-40	16	15226	5002	3401	44	441435700	441444254
34	-13	9	15227	5024	3366	193	441444261	441451466
52	0	28	15226	5045	3333	82	441451473	441458440
52	0	28	15226	5045	3333	82	441458451	441464340
26	-12	73	15223	5069	3302	222	441464347	441469978
26	-12	73	15219	5097	3266	99	441469985	441475717
12	-20	67	15219	5097	3266	99	441475725	441482731
15	-8	24	15216	5123	3221	229	441482738	441490056
15	-8	24	15213	5147	3173	102	441490063	441497675
11	-6	-11	15205	5175	3135	229	441497682	441506689
-34	-27	6	15205	5175	3135	229	441506704	441512469
-51	-27	25	15197	5200	3101	103	441512476	441518238
-51	-27	25	15197	5200	3101	103	441518245	441523876
-33	-6	14	15190	5218	3064	239	441523883	441530197
-33	-6	14	15182	5236	3028	120	441530204	441537729
-11	14	-1	15173	5257	2995	5	441537736	441546324
-14	17	24	15173	5257	2995	5	441546331	441555051
-30	1	43	15161	5280	2962	148	441555058	441560764
-30	1	43	15150	5304	2924	41	441560775	441566539
-33	-8	36	15150	5304	2924	41	441566546	441572177
-16	-4	7	15141	5324	2880	194	441572184	441578001
-16	-4	7	15141	5324	2880	194	441578008	441584431
-7	-14	-9	15131	5344	2839	93	441584439	441590995
10	-12	2	15118	5364	2804	247	441591002	441598182
10	-12	2	15104	5383	2775	144	441598189	441607093
33	-2	26	15104	5383	2775	144	441607108	441612869
46	6	51	15090	5400	2746	42	441612876	441618759
46	6	51	15090	5400	2746	42	441618766	441624585
46	-1	72	15075	5419	2712	192	441624592	441631153
4	-24	46	15059	5440	2667	81	441631160	441638286
4	-24	46	15042	5464	2616	220	441638293	441646689
-47	-52	11	15042	5464	2616	220	441646696	441655352
-57	-35	-52	15023	5484	2569	98	441655360	441661016
-57	-35	-52	15005	5496	2530	235	441661027	441666707
-27	0	-64	15005	5496	2530	235	441666714	441672352
3	37	-14	14986	5506	2508	124	441672359	441678238
3	37	-14	14966	5517	2493	22	441678246	441686012
22	62	46	14966	5517	2493	22	441686019	441694618
18	43	92	14946	5532	2469	182	441694625	441701637
-1	17	62	14928	5549	2427	90	441701644	441709444
-1	17	62	14928	5549	2427	90	441709459	441715375
-23	-17	10	14909	5571	2375	250	441715382	441721013
-23	-17	10	14889	5592	2323	151	441721020	441726771
-30	-37	-32	14889	5592	2323	151	441726779	441734836
-23	-45	-39	14868	5609	2280	54	441734843	441742214
1	-25	-6	14847	5622	2251	216	441742221	441749318
1	-25	-6	14825	5631	2229	123	441749325	441757685
16	-7	36	14825	5631	2229	123	441757696	441763348
15	9	59	14803	5639	2204	29	441763356	441769214
15	9	59	14803	5639	2204	29	441769222	441775075
-9	16	25	14779	5650	2173	185	441775083	441781495
-37	5	0	14753	5665	2135	82	441781502	441788642
-37	5	0	14728	5678	2096	239	441788650	441796986
-38	8	-32	14728	5678	2096	239	441796993	441805442
-19	8	-2	14706	5687	2064	151	441805449	441811660
-19	8	-2	14684	5695	2036	67	441811676	441817488
-1	24	4	14684	5695	2036	67	441817496	441823126
3	21	26	14663	5703	2010	245	441823134	441828949
3	21	26	14640	5714	1982	166	441828956	441837179
-1	21	33	14617	5727	1948	86	441837186	441845707
-21	0	-4	14617	5727	1948	86	441845714	441853623
-16	1	-31	14594	5737	1913	7	441853630	441860176
-16	1	-31	14572	5746	1883	188	441860187	441865909
-4	1	-18	14572	5746	1883	188	441865917	441871547
-4	1	-18	14550	5754	1861	118	441871554	441877335
28	19	10	14550	5754	1861	118	441877342	441883755
70	34	67	14528	5762	1843	50	441883763	441890832
70	34	67	14505	5772	1818	236	441890840	441898273
54	15	83	14480	5785	1781	159	441898281	441906925
20	-14	52	14480	5785	1781	159	441906933	441913080
-34	-50	13	14453	5798	1736	75	441913099	441918805
-34	-50	13	14453	5798	1736	75	441918812	441924442
-79	-55	-72	14424	5807	1692	242	441924450	441930688
-79	-55	-72	14397	5811	1662	155	441930696	441938460
-74	-32	-62	14368	5813	1647	72	441938468	441947010
-59	11	-45	14368	5813	1647	72	441947017	441955747
-34	75	26	14345	5810	1640	0	441955755	441961466
-34	75	26	14322	5813	1632	192	441961477	441967355
-34	82	33	14322	5813	1632	192	441967362	441972995
-61	59	24	14300	5820	1616	137	441973002	441978878
-61	59	24	14284	5826	1588	91	441978885	441986890
-81	32	-18	14284	5826	1588	91	441986897	441995294
-62	3	-68	14272	5831	1559	55	441995301	442002667
-43	3	-61	14263	5834	1538	29	442002675	442009593
-43	3	-61	14263	5834	1538	29	442009600	442015913
-26	4	-22	14255	5839	1531	10	442015932	442021583
-26	4	-22	14248	5843	1531	251	442021590	442027441
-20	0	17	14248	5843	1531	251	442027448	442035578
-45	-14	22	14242	5846	1526	238	442035585	442043359
-53	-9	-15	14237	5846	1515	222	442043366	442050664
-53	-9	-15	14232	5845	1504	203	442050671	442058567
-50	4	-54	14232	5845	1504	203	442058575	442064305
-52	16	-61	14226	5845	1501	187	442064316	442070052
-52	16	-61	14222	5846	1509	180	442070059	442075864
-13	53	-1	14222	5846	1509	180	442075871	442082432
19	68	31	14223	5844	1522	185	442082440	442089244
19	68	31	14229	5841	1530	199	442089252	442097695
35	67	55	14234	5842	1529	214	442097703	442106500
33	48	55	14234	5842	1529	214	442106507	442112164
33	48	55	14238	5846	1519	225	442112172	442118464
14	-7	3	14238	5846	1519	225	442118483	442124135
11	-19	-29	14241	5849	1506	233	442124142	442130122
11	-19	-29	14242	5853	1499	238	442130129	442138324
13	-27	-33	14243	5855	1502	242	442138331	442146739
18	-8	15	14243	5855	1502	242	442146746	442155498
33	11	43	14244	5853	1511	246	442155506	442161204
33	11	43	14244	5849	1519	244	442161215	442167040
49	34	29	14244	5849	1519	244	442167047	442172683
49	34	29	14241	5848	1522	236	442172690	442178553
29	36	36	14236	5850	1519	225	442178560	442186556
0	26	-1	14236	5850	1519	225	442186563	442194865
-11	24	-18	14233	5851	1513	216	442194872	442202060
-15	25	-15	14232	5851	1510	213	442202067	442209448
-15	25	-15	14232	5851	1510	213	442209455	442215294
-3	27	-9	14233	5850	1510	215	442215302	442222078
-3	27	-9	14235	5850	1514	222	442222093	442227942
23	29	20	14237	5851	1516	228	442227950	442236228
24	20	29	14237	5851	1516	228	442236235	442244418
28	16	25	14239	5852	1516	234	442244425	442251643
21	5	19	14240	5854	1512	237	442251650	442259187
21	5	19	14240	5854	1512	237	442259195	442265161
13	-2	0	14241	5854	1507	239	442265172	442270853
13	-2	0	14241	5854	1505	238	442270860	442276729
15	2	-4	14241	5854	1505	238	442276736	442283747
16	10	0	14241	5853	1506	236	442283754	442290178
16	10	0	14239	5853	1509	232	442290185	442298162
13	25	26	14237	5853	1511	229	442298169	442306659
14	28	25	14237	5853	1511	229	442306674	442312334
14	28	25	14236	5853	1509	226	442312341	442318165
14	34	14	14236	5853	1509	226	442318172	442324499
6	33	8	14236	5853	1506	223	442324515	442330395
6	33	8	14235	5855	1502	223	442330402	442337666
-2	15	1	14235	5855	1502	223	442337673	442345812
12	20	-6	14235	5857	1499	224	442345819	442352842
15	21	0	14237	5857	1497	229	442352849	442359875
15	21	0	14237	5857	1497	229	442359883	442365772
16	14	14	14239	5859	1497	235	442365783	442371415
16	14	14	14240	5860	1496	240	442371422	442377226
21	6	24	14240	5860	1496	240	442377233	442382864
26	11	9	14242	5860	1493	243	442382871	442389464
26	11	9	14242	5859	1489	243	442389472	442397679
22	8	6	14242	5859	1489	243	442397686	442405847
15	9	5	14241	5860	1489	240	442405854	442411496
15	9	5	14240	5861	1489	237	442411503	442417363
4	12	12	14240	5861	1489	237	442417370	442423490
9	21	7	14239	5860	1490	234	442423517	442429473
9	21	7	14238	5859	1490	232	442429481	442436569
12	28	9	14238	5859	1490	232	442436576	442444277
8	29	10	14238	5859	1490	231	442444284	442450936
8	29	10	14237	5860	1489	230	442450943	442458897
5	22	12	14237	5860	1489	230	442458904	442465499
4	20	10	14237	5862	1488	231	442465511	442471959
10	18	6	14238	5862	1486	234	442471966	442479246
10	18	6	14240	5863	1484	238	442479253	442487475
11	11	7	14240	5863	1484	238	442487482	442495402
13	8	16	14241	5863	1483	241	442495409	442502089
14	9	16	14241	5864	1483	243	442502096	442509622
14	9	16	14241	5864	1483	243	442509630	442516293
17	8	17	14242	5864	1482	243	442516300	442523289
12	15	7	14242	5863	1481	243	442523296	442530620
12	15	7	14241	5863	1481	241	442530635	442538737
8	14	5	14240	5864	1481	239	442538744	442546929
6	13	10	14240	5864	1481	239	442546936	442554233
2	17	13	14239	5864	1481	237	442554240	442560672
2	17	13	14239	5864	1481	236	442560679	442567207
13	26	8	14239	5864	1481	236	442567218	442575374
16	28	4	14239	5864	1480	236	442575381	442582051
8	19	12	14239	5864	1479	237	442582058	442589482
8	19	12	14239	5866	1478	238	442589489	442597702
5	14	16	14239	5866	1478	238	442597709	442606176
14	11	7	14240	5867	1476	241	442606183	442611831
14	11	7	14241	5867	1474	244	442611838	442617728
15	13	4	14241	5867	1474	244	442617735	442623366
15	13	4	14242	5867	1472	245	442623373	442629647
15	11	9	14242	5868	1473	246	442629666	442636721
9	8	14	14242	5868	1473	246	442636728	442644070
14	11	12	14241	5868	1472	245	442644078	442650624
14	11	12	14241	5868	1472	245	442650631	442658885
13	13	11	14241	5868	1472	245	442658892	442664680
8	16	10	14241	5868	1472	243	442664691	442670515
8	16	10	14241	5868	1472	243	442670522	442676389
6	18	10	14240	5867	1471	241	442676396	442682028
6	18	10	14240	5868	1471	240	442682035	442688933
5	20	8	14240	5868	1470	240	442688940	442697153
6	18	10	14240	5868	1470	240	442697160	442704923
9	18	7	14240	5868	1469	241	442704931	442711210
9	18	7	14241	5869	1468	243	442711217	442717034
9	16	11	14241	5869	1468	243	442717041	442722672
9	16	11	14242	5869	1467	245	442722679	442728462
12	11	11	14242	5869	1467	245	442728469	442736358
12	9	7	14242	5869	1465	247	442736373	442743239
16	12	6	14243	5869	1464	248	442743246	442749985
16	12	6	14243	5869	1463	248	442749992	442758524
11	7	11	14243	5869	1463	248	442758532	442764231
9	8	14	14243	5869	1462	248	442764238	442770373
9	8	14	14243	5869	1462	248	442770385	442778427
8	12	12	14243	5869	1462	248	442778435	442786638
10	17	10	14243	5869	1462	247	442786645	442793730
8	16	5	14242	5869	1462	246	442793737	442800446
8	16	5	14242	5869	1462	244	442800453	442808802
3	15	8	14242	5869	1462	244	442808810	442815222
3	14	9	14241	5870	1462	244	442815229	442821672
3	14	9	14241	5870	1461	244	442821680	442829352
10	19	10	14242	5870	1460	245	442829359	442837646
13	15	3	14242	5870	1460	245	442837661	442845395
8	11	11	14242	5870	1459	246	442845402	442851742
8	11	11	14242	5871	1459	248	442851750	442859554
4	10	15	14242	5871	1459	248	442859561	442866116
13	9	7	14243	5872	1458	249	442866123	442872695
14	13	4	14243	5872	1457	250	442872706	442879867
14	13	4	14243	5872	1456	250	442879874	442888137
9	9	9	14243	5872	1456	250	442888144	442896240
5	10	14	14243	5872	1456	249	442896248	442902800
10	15	7	14242	5872	1456	248	442902808	442910166
10	15	7	14242	5872	1456	248	442910173	442916627
13	19	3	14242	5872	1454	247	442916634	442923657
6	15	10	14242	5872	1454	247	442923664	442930488
6	15	10	14242	5873	1454	248	442930495	442939843
1	11	15	14242	5873	1454	248	442939858	442947837
8	15	11	14242	5873	1454	248	442947844	442955813
12	15	8	14242	5873	1453	249	442955821	442961833
12	15	8	14243	5874	1452	249	442961840	442968164
9	13	10	14243	5874	1452	249	442968175	442976420
9	7	12	14242	5874	1451	249	442976427	442983196
11	10	7	14243	5874	1451	249	442983203	442990338
11	10	7	14243	5874	1450	250	442990345	442998343
11	12	7	14243	5874	1450	250	442998350	443006761
8	9	10	14243	5874	1449	250	443006768	443012413
8	9	10	14243	5874	1449	249	443012420	443019275
5	11	14	14242	5874	1449	248	443019294	443027597
5	10	12	14242	5874	1449	248	443027612	443035242
7	16	7	14242	5874	1449	248	443035249	443043108
11	18	6	14242	5874	1449	248	443043123	443050298
11	18	6	14242	5874	1448	248	443050305	443058749
5	11	11	14242	5874	1448	248	443058756	443064552
5	14	11	14242	5874	1448	248	443064559	443070881
5	14	11	14243	5874	1447	248	443070892	443079144
6	13	8	14243	5874	1447	248	443079152	443087139
10	14	10	14243	5874	1447	249	443087146	443094217
6	8	13	14243	5874	1446	249	443094225	443100913
6	8	13	14242	5875	1446	249	443100921	443109178
8	10	11	14242	5875	1446	249	443109185	443115696
9	9	10	14243	5875	1445	249	443115703	443122156
9	9	10	14243	5875	1445	249	443122163	443129826
9	12	8	14243	5875	1444	249	443129833	443138105
6	12	10	14243	5875	1444	249	443138113	443146655
4	12	12	14242	5875	1445	249	443146670	443153241
5	12	11	14243	5875	1444	249	443153248	443160580
5	12	11	14243	5875	1444	249	443160587	443166845
6	14	11	14243	5875	1444	249	443166852	443174013
5	14	10	14243	5876	1444	249	443174024	443180839
5	14	10	14243	5876	1443	249	443180846	443189102
4	12	10	14243	5876	1443	249	443189110	443197240
5	14	8	14243	5876	1443	249	443197247	443204258
6	10	12	14243	5876	1443	250	443204265	443211179
6	10	12	14243	5876	1442	250	443211186	443217755
8	14	9	14243	5876	1442	250	443217762	443225573
8	11	11	14243	5876	1442	250	443225580	443232185
8	11	11	14243	5876	1441	250	443232192	443239928
7	8	10	14243	5876	1441	250	443239936	443248776
8	10	10	14243	5876	1441	250	443248791	443257303
9	15	9	14243	5876	1440	250	443257322	443263219
9	15	9	14244	5876	1440	250	443263230	443269793
5	11	13	14244	5876	1439	251	443269808	443278270
8	14	9	14244	5876	1439	251	443278281	443286649
7	14	8	14244	5875	1438	250	443286660	443293290
7	13	6	14244	5875	1438	251	443293297	443300455
7	13	6	14244	5876	1437	251	443300462	443308789
5	14	9	14244	5876	1437	251	443308797	443314444
5	11	9	14244	5876	1437	251	443314451	443321177
5	11	9	14244	5876	1436	251	443321185	443329382
9	12	9	14244	5876	1436	251	443329389	443337820
7	10	8	14244	5876	1436	251	443337827	443345637
7	10	9	14244	5876	1435	251	443345668	443353054
9	8	11	14244	5876	1435	251	443353066	443360892
9	8	11	14244	5876	1435	251	443360904	443367388
8	10	9	14245	5876	1435	252	443367399	443374980
4	9	12	14244	5875	1435	251	443375003	443381919
4	9	12	14244	5875	1435	250	443381930	443390045
5	11	10	14244	5875	1434	250	443390056	443398299
8	16	8	14244	5875	1434	250	443398306	443406273
5	19	7	14244	5875	1434	250	443406281	443412402
5	19	7	14244	5876	1433	251	443412409	443419145
6	13	8	14244	5876	1433	251	443419153	443427461
8	14	5	14244	5876	1434	251	443427468	443434578
2	9	12	14245	5876	1433	252	443434585	443441301
2	9	12	14245	5876	1433	252	443441309	443449822
7	10	10	14245	5876	1432	252	443449837	443458338
11	11	9	14245	5876	1432	252	443458349	443464355
3	8	14	14244	5877	1432	252	443464366	443470967
3	8	14	14244	5877	1432	251	443470982	443479292
3	8	12	14244	5877	1432	251	443479299	443487612
7	10	7	14244	5877	1432	251	443487620	443494685
7	13	7	14244	5877	1432	251	443494692	443501418
7	13	7	14244	5877	1432	250	443501425	443509741
4	10	12	14244	5877	1432	250	443509748	443516140
3	13	12	14244	5877	1431	250	443516148	443522495
3	13	12	14244	5877	1431	250	443522502	443530192
5	13	13	14244	5877	1430	251	443530199	443538301
9	13	8	14244	5877	1430	251	443538308	443545650
5	12	11	14244	5877	1430	251	443545657	443553751
5	9	12	14244	5877	1430	251	443553770	443561159
5	9	12	14244	5877	1430	251	443561166	443567329
6	9	9	14244	5877	1429	251	443567336	443574528
11	10	8	14244	5877	1429	251	443574539	443581306
11	10	8	14245	5877	1428	251	443581314	443589600
4	11	10	14245	5877	1428	251	443589608	443597723
4	9	14	14244	5877	1429	250	443597730	443605147
6	11	12	14244	5877	1429	250	443605154	443611898
6	11	12	14244	5877	1429	250	443611905	443618402
6	15	11	14244	5877	1429	250	443618409	443626386
3	12	10	14244	5876	1429	249	443626394	443633200
3	12	10	14244	5876	1429	249	443633208	443640534
0	12	14	14244	5876	1429	249	443640542	443648950
5	13	10	14244	5876	1429	249	443648957	443657690
8	16	9	14244	5877	1429	250	443657706	443663384
8	16	9	14244	5877	1429	250	443663392	443670015
4	9	11	14244	5877	1429	250	443670023	443678307
3	7	13	14244	5877	1429	250	443678318	443686251
4	9	10	14244	5877	1429	250	443686258	443693300
4	9	10	14244	5877	1429	250	443693307	443700709
10	11	7	14244	5876	1429	250	443700717	443709162
6	9	9	14244	5876	1429	250	443709170	443714820
1	8	14	14244	5876	1430	248	443714827	443721314
1	8	14	14243	5876	1430	247	443721321	443729802
2	10	11	14243	5876	1430	247	443729809	443738298
6	13	10	14243	5876	1430	247	443738305	443746182
5	15	9	14243	5876	1430	247	443746189	443753244
2	12	11	14243	5876	1430	247	443753251	443761291
2	12	11	14243	5876	1430	247	443761306	443767807
7	15	7	14243	5876	1430	247	443767814	443775111
5	13	6	14243	5876	1430	248	443775123	443781983
5	13	6	14243	5876	1430	248	443781990	443790205
7	11	5	14243	5876	1430	248	443790213	443798665
5	12	13	14243	5876	1430	248	443798673	443806617
7	10	10	14243	5876	1430	248	443806624	443812788
7	10	10	14243	5876	1430	248	443812795	443819668
9	10	9	14243	5876	1430	248	443819675	443828108
8	9	11	14243	5876	1430	248	443828115	443835559
5	8	10	14243	5876	1430	247	443835567	443842258
5	8	10	14243	5876	1430	246	443842265	443850358
4	14	10	14243	5876	1430	246	443850365	443859356
7	15	8	14243	5876	1430	246	443859375	443865030
7	16	8	14243	5876	1430	246	443865037	443871523
7	16	8	14243	5876	1430	246	443871530	443880053
4	14	9	14243	5876	1430	246	443880064	443888551
2	11	11	14243	5876	1430	246	443888559	443896495
4	11	9	14243	5876	1429	247	443896502	443903569
4	11	9	14244	5876	1429	248	443903577	443911083
5	12	9	14244	5876	1429	248	443911090	443917908
7	11	9	14244	5876	1429	248	443917915	443925257
5	10	11	14244	5876	1429	248	443925264	443932133
5	10	11	14244	5876	1429	248	443932140	443940404
5	12	7	14244	5876	1429	248	443940411	443948866
14	15	1	14244	5876	1429	248	443948873	443956845
0	8	14	14243	5877	1429	248	443956852	443963483
0	8	14	14243	5877	1429	248	443963498	443970214
4	11	14	14243	5876	1429	248	443970221	443978561
11	14	6	14243	5876	1429	248	443978572	443986634
10	12	6	14243	5876	1429	248	443986641	443993639
10	12	6	14243	5877	1429	247	443993646	444001082
1	8	15	14243	5877	1429	247	444001089	444009783
5	11	13	14243	5877	1429	247	444009790	444016054
5	13	7	14243	5877	1429	247	444016061	444023340
5	13	7	14243	5877	1429	247	444023347	444030991
6	14	5	14243	5877	1429	247	444030999	444039338
4	11	13	14243	5877	1429	247	444039345	444047853
3	11	10	14243	5877	1429	247	444047860	444054851
6	12	9	14243	5877	1429	247	444054859	444062550
6	12	9	14243	5877	1429	247	444062569	444069146
6	10	9	14243	5877	1429	247	444069154	444077713
4	10	8	14243	5877	1429	247	444077724	444084811
6	12	10	14243	5877	1429	247	444084818	444091771
6	12	10	14243	5877	1429	247	444091778	444100109
6	14	6	14243	5877	1429	247	444100117	444108682
6	11	8	14243	5877	1429	247	444108689	444114334
6	11	8	14243	5877	1429	247	444114341	444121286
5	12	11	14243	5877	1429	247	444121294	444129727
6	9	10	14243	5877	1429	247	444129734	444138261
6	12	6	14243	5877	1429	247	444138268	444145594
8	9	13	14243	5877	1429	247	444145601	444152560
8	9	13	14243	5877	1429	247	444152567	444161034
4	11	11	14243	5877	1429	247	444161041	444168284
5	12	15	14243	5877	1429	247	444168299	444175714
6	13	11	14243	5877	1429	247	444175722	444182570
6	13	11	14243	5877	1429	247	444182581	444190756
5	13	9	14243	5877	1429	247	444190763	444199198
3	11	8	14243	5877	1429	247	444199206	444207342
6	12	12	14243	5877	1429	247	444207350	444213463
6	12	12	14243	5877	1429	248	444213471	444220541
5	13	8	14243	5877	1429	248	444220549	444228932
17	16	-4	14243	5877	1429	248	444228939	444236926
0	3	18	14242	5879	1430	248	444236933	444243985
0	3	18	14242	5880	1430	249	444243992	444251461
0	4	18	14242	5879	1429	248	444251468	444260109
15	17	2	14242	5879	1429	248	444260116	444266152
10	16	3	14243	5878	1428	247	444266175	444272832
10	16	3	14241	5880	1429	246	444272844	444280982
2	10	11	14240	5881	1430	245	444280994	444289304
0	8	17	14240	5881	1430	245	444289311	444297183
8	14	6	14240	5881	1430	245	444297190	444304075
8	14	6	14240	5881	1430	245	444304083	444311755
13	16	6	14240	5881	1430	245	444311762	444318559
5	12	12	14240	5882	1431	246	444318566	444325903
4	8	18	14239	5884	1431	246	444325911	444333030
4	8	18	14239	5884	1431	246	444333037	444341000
11	13	7	14239	5883	1431	246	444341008	444349443
13	14	4	14239	5883	1431	246	444349451	444357574
8	11	8	14239	5883	1431	246	444357581	444363726
SUCCESSFUL.
/>
